

































































































































 0.9798 0.9798
 0.9798
 0.9798 0.9798
 0.9798 0.9798 0.9798
 0.9798 0.9798 0.9798 0.9798
 0.9798 0.9798 0.9798 0.9798 0.9798
 0.9798 0.9798 0.9798 0.9798 0.9798 0.9798
 0.9798 0.9798 0.9798 0.9798 0.9798 0.9798 0.9798
 0.9798 0.9798 0.9798 0.9798 0.9798 0.9798 0.9798 0.9798
 0.9798 0.9798 0.9798 0.9798 0.9798 0.9798 0.9798 0.9798 0.9798
 0.9798 0.9798 0.9798 0.9798 0.9798 0.9798 0.9798 0.9798 0.9798 0.9798
 0.9798 0.9798 0.9798 0.9798 0.9798 0.9798 0.9798 0.9798 0.9798 0.9798 0.9798
 0.9798 0.9798 0.9798 0.9798 0.9798 0.9798 0.9798 0.9798 0.9798 0.9798 0.9798 0.9798
 0.9798 0.9798 0.9798 0.9798 0.9798 0.9798 0.9798 0.9798 0.9798 0.9798 0.9798 0.9798 0.9798
 0.9798 0.9798 0.9798 0.9798 0.9798 0.9798 0.9798 0.9798 0.9798 0.9798 0.9798 0.9798 0.9798 0.9798
 0.9798 0.9798 0.9798 0.9798 0.9798 0.9798 0.9798 0.9798 0.9798 0.9798 0.9798 0.9798 0.9798 0.9798 0.9798
 0.9798 0.9798 0.9798 0.9798 0.9798 0.9798 0.9798 0.9798 0.9798 0.9798 0.9798 0.9798 0.9798 0.9798 0.9798 0.9798
 0.9798 0.9798 0.9798 0.9798 0.9798 0.9798 0.9798 0.9798 0.9798 0.9798 0.9798 0.9798 0.9798 0.9798 0.9798 0.9798 0.9798
 0.9798 0.9798 0.9798 0.9798 0.9798 0.9798 0.9798 0.9798 0.9798 0.9798 0.9798 0.9798 0.9798 0.9798 0.9798 0.9798 0.9798 0.9798
 0.9798 0.9798 0.9798 0.9798 0.9798 0.9798 0.9798 0.9798 0.9798 0.9798 0.9798 0.9798 0.9798 0.9798 0.9798 0.9798 0.9798 0.9798 0.9798
 0.9798 0.9798 0.9798 0.9798 0.9798 0.9798 0.9798 0.9798 0.9798 0.9798 0.9798 0.9798 0.9798 0.9798 0.9798 0.9798 0.9798 0.9798 0.9798 0.9798
 0.9798 0.9798 0.9798 0.9798 0.9798 0.9798 0.9798 0.9798 0.9798 0.9798 0.9798 0.9798 0.9798 0.9798 0.9798 0.9798 0.9798 0.9798 0.9798 0.9798 0.9798
 0.9798 0.9798 0.9798 0.9798 0.9798 0.9798 0.9798 0.9798 0.9798 0.9798 0.9798 0.9798 0.9798 0.9798 0.9798 0.9798 0.9798 0.9798 0.9798 0.9798 0.9798 0.9798
 0.9798 0.9798 0.9798 0.9798 0.9798 0.9798 0.9798 0.9798 0.9798 0.9798 0.9798 0.9798 0.9798 0.9798 0.9798 0.9798 0.9798 0.9798 0.9798 0.9798 0.9798 0.9798 0.9798
 0.9798 0.9798 0.9798 0.9798 0.9798 0.9798 0.9798 0.9798 0.9798 0.9798 0.9798 0.9798 0.9798 0.9798 0.9798 0.9798 0.9798 0.9798 0.9798 0.9798 0.9798 0.9798 0.9798 0.9798
 0.9798 0.9798 0.9798 0.9798 0.9798 0.9798 0.9798 0.9798 0.9798 0.9798 0.9798 0.9798 0.9798 0.9798 0.9798 0.9798 0.9798 0.9798 0.9798 0.9798 0.9798 0.9798 0.9798 0.9798 0.9798
 0.9798 0.9798 0.9798 0.9798 0.9798 0.9798 0.9798 0.9798 0.9798 0.9798 0.9798 0.9798 0.9798 0.9798 0.9798 0.9798 0.9798 0.9798 0.9798 0.9798 0.9798 0.9798 0.9798 0.9798 0.9798 0.9798
 0.9798 0.9798 0.9798 0.9798 0.9798 0.9798 0.9798 0.9798 0.9798 0.9798 0.9798 0.9798 0.9798 0.9798 0.9798 0.9798 0.9798 0.9798 0.9798 0.9798 0.9798 0.9798 0.9798 0.9798 0.9798 0.9798 0.9798
 0.9798 0.9798 0.9798 0.9798 0.9798 0.9798 0.9798 0.9798 0.9798 0.9798 0.9798 0.9798 0.9798 0.9798 0.9798 0.9798 0.9798 0.9798 0.9798 0.9798 0.9798 0.9798 0.9798 0.9798 0.9798 0.9798 0.9798 0.9798
 0.9798 0.9798 0.9798 0.9798 0.9798 0.9798 0.9798 0.9798 0.9798 0.9798 0.9798 0.9798 0.9798 0.9798 0.9798 0.9798 0.9798 0.9798 0.9798 0.9798 0.9798 0.9798 0.9798 0.9798 0.9798 0.9798 0.9798 0.9798 0.9798
 0.9798 0.9798 0.9798 0.9798 0.9798 0.9798 0.9798 0.9798 0.9798 0.9798 0.9798 0.9798 0.9798 0.9798 0.9798 0.9798 0.9798 0.9798 0.9798 0.9798 0.9798 0.9798 0.9798 0.9798 0.9798 0.9798 0.9798 0.9798 0.9798 0.9798
 0.9798 0.9798 0.9798 0.9798 0.9798 0.9798 0.9798 0.9798 0.9798 0.9798 0.9798 0.9798 0.9798 0.9798 0.9798 0.9798 0.9798 0.9798 0.9798 0.9798 0.9798 0.9798 0.9798 0.9798 0.9798 0.9798 0.9798 0.9798 0.9798 0.9798 0.9798
 0.9798 0.9798 0.9798 0.9798 0.9798 0.9798 0.9798 0.9798 0.9798 0.9798 0.9798 0.9798 0.9798 0.9798 0.9798 0.9798 0.9798 0.9798 0.9798 0.9798 0.9798 0.9798 0.9798 0.9798 0.9798 0.9798 0.9798 0.9798 0.9798 0.9798 0.9798 0.9798
 0.9798 0.9798 0.9798 0.9798 0.9798 0.9798 0.9798 0.9798 0.9798 0.9798 0.9798 0.9798 0.9798 0.9798 0.9798 0.9798 0.9798 0.9798 0.9798 0.9798 0.9798 0.9798 0.9798 0.9798 0.9798 0.9798 0.9798 0.9798 0.9798 0.9798 0.9798 0.9798 0.9798
 0.9798 0.9798 0.9798 0.9798 0.9798 0.9798 0.9798 0.9798 0.9798 0.9798 0.9798 0.9798 0.9798 0.9798 0.9798 0.9798 0.9798 0.9798 0.9798 0.9798 0.9798 0.9798 0.9798 0.9798 0.9798 0.9798 0.9798 0.9798 0.9798 0.9798 0.9798 0.9798 0.9798 0.9798
 0.9798 0.9798 0.9798 0.9798 0.9798 0.9798 0.9798 0.9798 0.9798 0.9798 0.9798 0.9798 0.9798 0.9798 0.9798 0.9798 0.9798 0.9798 0.9798 0.9798 0.9798 0.9798 0.9798 0.9798 0.9798 0.9798 0.9798 0.9798 0.9798 0.9798 0.9798 0.9798 0.9798 0.9798 0.9798
 0.9798 0.9798 0.9798 0.9798 0.9798 0.9798 0.9798 0.9798 0.9798 0.9798 0.9798 0.9798 0.9798 0.9798 0.9798 0.9798 0.9798 0.9798 0.9798 0.9798 0.9798 0.9798 0.9798 0.9798 0.9798 0.9798 0.9798 0.9798 0.9798 0.9798 0.9798 0.9798 0.9798 0.9798 0.9798 0.9798
 0.9798 0.9798 0.9798 0.9798 0.9798 0.9798 0.9798 0.9798 0.9798 0.9798 0.9798 0.9798 0.9798 0.9798 0.9798 0.9798 0.9798 0.9798 0.9798 0.9798 0.9798 0.9798 0.9798 0.9798 0.9798 0.9798 0.9798 0.9798 0.9798 0.9798 0.9798 0.9798 0.9798 0.9798 0.9798 0.9798 0.9798
 0.9798 0.9798 0.9798 0.9798 0.9798 0.9798 0.9798 0.9798 0.9798 0.9798 0.9798 0.9798 0.9798 0.9798 0.9798 0.9798 0.9798 0.9798 0.9798 0.9798 0.9798 0.9798 0.9798 0.9798 0.9798 0.9798 0.9798 0.9798 0.9798 0.9798 0.9798 0.9798 0.9798 0.9798 0.9798 0.9798 0.9798 0.9798
 0.9798 0.9798 0.9798 0.9798 0.9798 0.9798 0.9798 0.9798 0.9798 0.9798 0.9798 0.9798 0.9798 0.9798 0.9798 0.9798 0.9798 0.9798 0.9798 0.9798 0.9798 0.9798 0.9798 0.9798 0.9798 0.9798 0.9798 0.9798 0.9798 0.9798 0.9798 0.9798 0.9798 0.9798 0.9798 0.9798 0.9798 0.9798 0.9798
 0.9798 0.9798 0.9798 0.9798 0.9798 0.9798 0.9798 0.9798 0.9798 0.9798 0.9798 0.9798 0.9798 0.9798 0.9798 0.9798 0.9798 0.9798 0.9798 0.9798 0.9798 0.9798 0.9798 0.9798 0.9798 0.9798 0.9798 0.9798 0.9798 0.9798 0.9798 0.9798 0.9798 0.9798 0.9798 0.9798 0.9798 0.9798 0.9798 0.9798
 0.9798 0.9798 0.9798 0.9798 0.9798 0.9798 0.9798 0.9798 0.9798 0.9798 0.9798 0.9798 0.9798 0.9798 0.9798 0.9798 0.9798 0.9798 0.9798 0.9798 0.9798 0.9798 0.9798 0.9798 0.9798 0.9798 0.9798 0.9798 0.9798 0.9798 0.9798 0.9798 0.9798 0.9798 0.9798 0.9798 0.9798 0.9798 0.9798 0.9798 0.9798
 0.9798 0.9798 0.9798 0.9798 0.9798 0.9798 0.9798 0.9798 0.9798 0.9798 0.9798 0.9798 0.9798 0.9798 0.9798 0.9798 0.9798 0.9798 0.9798 0.9798 0.9798 0.9798 0.9798 0.9798 0.9798 0.9798 0.9798 0.9798 0.9798 0.9798 0.9798 0.9798 0.9798 0.9798 0.9798 0.9798 0.9798 0.9798 0.9798 0.9798 0.9798 0.9798
 0.9798 0.9798 0.9798 0.9798 0.9798 0.9798 0.9798 0.9798 0.9798 0.9798 0.9798 0.9798 0.9798 0.9798 0.9798 0.9798 0.9798 0.9798 0.9798 0.9798 0.9798 0.9798 0.9798 0.9798 0.9798 0.9798 0.9798 0.9798 0.9798 0.9798 0.9798 0.9798 0.9798 0.9798 0.9798 0.9798 0.9798 0.9798 0.9798 0.9798 0.9798 0.9798 0.9798
 0.9798 0.9798 0.9798 0.9798 0.9798 0.9798 0.9798 0.9798 0.9798 0.9798 0.9798 0.9798 0.9798 0.9798 0.9798 0.9798 0.9798 0.9798 0.9798 0.9798 0.9798 0.9798 0.9798 0.9798 0.9798 0.9798 0.9798 0.9798 0.9798 0.9798 0.9798 0.9798 0.9798 0.9798 0.9798 0.9798 0.9798 0.9798 0.9798 0.9798 0.9798 0.9798 0.9798 0.9798
 0.9798 0.9798 0.9798 0.9798 0.9798 0.9798 0.9798 0.9798 0.9798 0.9798 0.9798 0.9798 0.9798 0.9798 0.9798 0.9798 0.9798 0.9798 0.9798 0.9798 0.9798 0.9798 0.9798 0.9798 0.9798 0.9798 0.9798 0.9798 0.9798 0.9798 0.9798 0.9798 0.9798 0.9798 0.9798 0.9798 0.9798 0.9798 0.9798 0.9798 0.9798 0.9798 0.9798 0.9798 0.9798
 0.9798 0.9798 0.9798 0.9798 0.9798 0.9798 0.9798 0.9798 0.9798 0.9798 0.9798 0.9798 0.9798 0.9798 0.9798 0.9798 0.9798 0.9798 0.9798 0.9798 0.9798 0.9798 0.9798 0.9798 0.9798 0.9798 0.9798 0.9798 0.9798 0.9798 0.9798 0.9798 0.9798 0.9798 0.9798 0.9798 0.9798 0.9798 0.9798 0.9798 0.9798 0.9798 0.9798 0.9798 0.9798 0.9798
 0.9798 0.9798 0.9798 0.9798 0.9798 0.9798 0.9798 0.9798 0.9798 0.9798 0.9798 0.9798 0.9798 0.9798 0.9798 0.9798 0.9798 0.9798 0.9798 0.9798 0.9798 0.9798 0.9798 0.9798 0.9798 0.9798 0.9798 0.9798 0.9798 0.9798 0.9798 0.9798 0.9798 0.9798 0.9798 0.9798 0.9798 0.9798 0.9798 0.9798 0.9798 0.9798 0.9798 0.9798 0.9798 0.9798 0.9798
 0.9798 0.9798 0.9798 0.9798 0.9798 0.9798 0.9798 0.9798 0.9798 0.9798 0.9798 0.9798 0.9798 0.9798 0.9798 0.9798 0.9798 0.9798 0.9798 0.9798 0.9798 0.9798 0.9798 0.9798 0.9798 0.9798 0.9798 0.9798 0.9798 0.9798 0.9798 0.9798 0.9798 0.9798 0.9798 0.9798 0.9798 0.9798 0.9798 0.9798 0.9798 0.9798 0.9798 0.9798 0.9798 0.9798 0.9798 0.9798
 0.9798 0.9798 0.9798 0.9798 0.9798 0.9798 0.9798 0.9798 0.9798 0.9798 0.9798 0.9798 0.9798 0.9798 0.9798 0.9798 0.9798 0.9798 0.9798 0.9798 0.9798 0.9798 0.9798 0.9798 0.9798 0.9798 0.9798 0.9798 0.9798 0.9798 0.9798 0.9798 0.9798 0.9798 0.9798 0.9798 0.9798 0.9798 0.9798 0.9798 0.9798 0.9798 0.9798 0.9798 0.9798 0.9798 0.9798 0.9798 0.9798
 0.9798 0.9798 0.9798 0.9798 0.9798 0.9798 0.9798 0.9798 0.9798 0.9798 0.9798 0.9798 0.9798 0.9798 0.9798 0.9798 0.9798 0.9798 0.9798 0.9798 0.9798 0.9798 0.9798 0.9798 0.9798 0.9798 0.9798 0.9798 0.9798 0.9798 0.9798 0.9798 0.9798 0.9798 0.9798 0.9798 0.9798 0.9798 0.9798 0.9798 0.9798 0.9798 0.9798 0.9798 0.9798 0.9798 0.9798 0.9798 0.9798 0.9798
 0.9798 0.9798 0.9798 0.9798 0.9798 0.9798 0.9798 0.9798 0.9798 0.9798 0.9798 0.9798 0.9798 0.9798 0.9798 0.9798 0.9798 0.9798 0.9798 0.9798 0.9798 0.9798 0.9798 0.9798 0.9798 0.9798 0.9798 0.9798 0.9798 0.9798 0.9798 0.9798 0.9798 0.9798 0.9798 0.9798 0.9798 0.9798 0.9798 0.9798 0.9798 0.9798 0.9798 0.9798 0.9798 0.9798 0.9798 0.9798 0.9798 0.9798 0.9798
 0.9798 0.9798 0.9798 0.9798 0.9798 0.9798 0.9798 0.9798 0.9798 0.9798 0.9798 0.9798 0.9798 0.9798 0.9798 0.9798 0.9798 0.9798 0.9798 0.9798 0.9798 0.9798 0.9798 0.9798 0.9798 0.9798 0.9798 0.9798 0.9798 0.9798 0.9798 0.9798 0.9798 0.9798 0.9798 0.9798 0.9798 0.9798 0.9798 0.9798 0.9798 0.9798 0.9798 0.9798 0.9798 0.9798 0.9798 0.9798 0.9798 0.9798 0.9798 0.9798
 0.9798 0.9798 0.9798 0.9798 0.9798 0.9798 0.9798 0.9798 0.9798 0.9798 0.9798 0.9798 0.9798 0.9798 0.9798 0.9798 0.9798 0.9798 0.9798 0.9798 0.9798 0.9798 0.9798 0.9798 0.9798 0.9798 0.9798 0.9798 0.9798 0.9798 0.9798 0.9798 0.9798 0.9798 0.9798 0.9798 0.9798 0.9798 0.9798 0.9798 0.9798 0.9798 0.9798 0.9798 0.9798 0.9798 0.9798 0.9798 0.9798 0.9798 0.9798 0.9798 0.9798
 0.9798 0.9798 0.9798 0.9798 0.9798 0.9798 0.9798 0.9798 0.9798 0.9798 0.9798 0.9798 0.9798 0.9798 0.9798 0.9798 0.9798 0.9798 0.9798 0.9798 0.9798 0.9798 0.9798 0.9798 0.9798 0.9798 0.9798 0.9798 0.9798 0.9798 0.9798 0.9798 0.9798 0.9798 0.9798 0.9798 0.9798 0.9798 0.9798 0.9798 0.9798 0.9798 0.9798 0.9798 0.9798 0.9798 0.9798 0.9798 0.9798 0.9798 0.9798 0.9798 0.9798 0.9798
 0.9798 0.9798 0.9798 0.9798 0.9798 0.9798 0.9798 0.9798 0.9798 0.9798 0.9798 0.9798 0.9798 0.9798 0.9798 0.9798 0.9798 0.9798 0.9798 0.9798 0.9798 0.9798 0.9798 0.9798 0.9798 0.9798 0.9798 0.9798 0.9798 0.9798 0.9798 0.9798 0.9798 0.9798 0.9798 0.9798 0.9798 0.9798 0.9798 0.9798 0.9798 0.9798 0.9798 0.9798 0.9798 0.9798 0.9798 0.9798 0.9798 0.9798 0.9798 0.9798 0.9798 0.9798 0.9798
 0.9798 0.9798 0.9798 0.9798 0.9798 0.9798 0.9798 0.9798 0.9798 0.9798 0.9798 0.9798 0.9798 0.9798 0.9798 0.9798 0.9798 0.9798 0.9798 0.9798 0.9798 0.9798 0.9798 0.9798 0.9798 0.9798 0.9798 0.9798 0.9798 0.9798 0.9798 0.9798 0.9798 0.9798 0.9798 0.9798 0.9798 0.9798 0.9798 0.9798 0.9798 0.9798 0.9798 0.9798 0.9798 0.9798 0.9798 0.9798 0.9798 0.9798 0.9798 0.9798 0.9798 0.9798 0.9798 0.9798
 0.9798 0.9798 0.9798 0.9798 0.9798 0.9798 0.9798 0.9798 0.9798 0.9798 0.9798 0.9798 0.9798 0.9798 0.9798 0.9798 0.9798 0.9798 0.9798 0.9798 0.9798 0.9798 0.9798 0.9798 0.9798 0.9798 0.9798 0.9798 0.9798 0.9798 0.9798 0.9798 0.9798 0.9798 0.9798 0.9798 0.9798 0.9798 0.9798 0.9798 0.9798 0.9798 0.9798 0.9798 0.9798 0.9798 0.9798 0.9798 0.9798 0.9798 0.9798 0.9798 0.9798 0.9798 0.9798 0.9798 0.9798
 0.9798 0.9798 0.9798 0.9798 0.9798 0.9798 0.9798 0.9798 0.9798 0.9798 0.9798 0.9798 0.9798 0.9798 0.9798 0.9798 0.9798 0.9798 0.9798 0.9798 0.9798 0.9798 0.9798 0.9798 0.9798 0.9798 0.9798 0.9798 0.9798 0.9798 0.9798 0.9798 0.9798 0.9798 0.9798 0.9798 0.9798 0.9798 0.9798 0.9798 0.9798 0.9798 0.9798 0.9798 0.9798 0.9798 0.9798 0.9798 0.9798 0.9798 0.9798 0.9798 0.9798 0.9798 0.9798 0.9798 0.9798 0.9798
 0.9798 0.9798 0.9798 0.9798 0.9798 0.9798 0.9798 0.9798 0.9798 0.9798 0.9798 0.9798 0.9798 0.9798 0.9798 0.9798 0.9798 0.9798 0.9798 0.9798 0.9798 0.9798 0.9798 0.9798 0.9798 0.9798 0.9798 0.9798 0.9798 0.9798 0.9798 0.9798 0.9798 0.9798 0.9798 0.9798 0.9798 0.9798 0.9798 0.9798 0.9798 0.9798 0.9798 0.9798 0.9798 0.9798 0.9798 0.9798 0.9798 0.9798 0.9798 0.9798 0.9798 0.9798 0.9798 0.9798 0.9798 0.9798 0.9798
 0.9798 0.9798 0.9798 0.9798 0.9798 0.9798 0.9798 0.9798 0.9798 0.9798 0.9798 0.9798 0.9798 0.9798 0.9798 0.9798 0.9798 0.9798 0.9798 0.9798 0.9798 0.9798 0.9798 0.9798 0.9798 0.9798 0.9798 0.9798 0.9798 0.9798 0.9798 0.9798 0.9798 0.9798 0.9798 0.9798 0.9798 0.9798 0.9798 0.9798 0.9798 0.9798 0.9798 0.9798 0.9798 0.9798 0.9798 0.9798 0.9798 0.9798 0.9798 0.9798 0.9798 0.9798 0.9798 0.9798 0.9798 0.9798 0.9798 0.9798 0.9798
 0.9798 0.9798 0.9798 0.9798 0.9798 0.9798 0.9798 0.9798 0.9798 0.9798 0.9798 0.9798 0.9798 0.9798 0.9798 0.9798 0.9798 0.9798 0.9798 0.9798 0.9798 0.9798 0.9798 0.9798 0.9798 0.9798 0.9798 0.9798 0.9798 0.9798 0.9798 0.9798 0.9798 0.9798 0.9798 0.9798 0.9798 0.9798 0.9798 0.9798 0.9798 0.9798 0.9798 0.9798 0.9798 0.9798 0.9798 0.9798 0.9798 0.9798 0.9798 0.9798 0.9798 0.9798 0.9798 0.9798 0.9798 0.9798 0.9798 0.9798 0.9798 0.9798 0.9798 0.9798
 0.9798 0.9798 0.9798 0.9798 0.9798 0.9798 0.9798 0.9798 0.9798 0.9798 0.9798 0.9798 0.9798 0.9798 0.9798 0.9798 0.9798 0.9798 0.9798 0.9798 0.9798 0.9798 0.9798 0.9798 0.9798 0.9798 0.9798 0.9798 0.9798 0.9798 0.9798 0.9798 0.9798 0.9798 0.9798 0.9798 0.9798 0.9798 0.9798 0.9798 0.9798 0.9798 0.9798 0.9798 0.9798 0.9798 0.9798 0.9798 0.9798 0.9798 0.9798 0.9798 0.9798 0.9798 0.9798 0.9798 0.9798 0.9798 0.9798 0.9798 0.9798 0.9798 0.9798 0.9798 0.9798 0.9798 0.9798
 0.9798 0.9798 0.9798 0.9798 0.9798 0.9798 0.9798 0.9798 0.9798 0.9798 0.9798 0.9798 0.9798 0.9798 0.9798 0.9798 0.9798 0.9798 0.9798 0.9798 0.9798 0.9798 0.9798 0.9798 0.9798 0.9798 0.9798 0.9798 0.9798 0.9798 0.9798 0.9798 0.9798 0.9798 0.9798 0.9798 0.9798 0.9798 0.9798 0.9798 0.9798 0.9798 0.9798 0.9798 0.9798 0.9798 0.9798 0.9798 0.9798 0.9798 0.9798 0.9798 0.9798 0.9798 0.9798 0.9798 0.9798 0.9798 0.9798 0.9798 0.9798 0.9798 0.9798 0.9798 0.9798 0.9798 0.9798 0.9798 0.9798 0.9798
 0.9798 0.9798 0.9798 0.9798 0.9798 0.9798 0.9798 0.9798 0.9798 0.9798 0.9798 0.9798 0.9798 0.9798 0.9798 0.9798 0.9798 0.9798 0.9798 0.9798 0.9798 0.9798 0.9798 0.9798 0.9798 0.9798 0.9798 0.9798 0.9798 0.9798 0.9798 0.9798 0.9798 0.9798 0.9798 0.9798 0.9798 0.9798 0.9798 0.9798 0.9798 0.9798 0.9798 0.9798 0.9798 0.9798 0.9798 0.9798 0.9798 0.9798 0.9798 0.9798 0.9798 0.9798 0.9798 0.9798 0.9798 0.9798 0.9798 0.9798 0.9798 0.9798 0.9798 0.9798 0.9798 0.9798 0.9798 0.9798 0.9798 0.9798 0.9798 0.9798 0.9798
 0.9798 0.9798 0.9798 0.9798 0.9798 0.9798 0.9798 0.9798 0.9798 0.9798 0.9798 0.9798 0.9798 0.9798 0.9798 0.9798 0.9798 0.9798 0.9798 0.9798 0.9798 0.9798 0.9798 0.9798 0.9798 0.9798 0.9798 0.9798 0.9798 0.9798 0.9798 0.9798 0.9798 0.9798 0.9798 0.9798 0.9798 0.9798 0.9798 0.9798 0.9798 0.9798 0.9798 0.9798 0.9798 0.9798 0.9798 0.9798 0.9798 0.9798 0.9798 0.9798 0.9798 0.9798 0.9798 0.9798 0.9798 0.9798 0.9798 0.9798 0.9798 0.9798 0.9798 0.9798 0.9798 0.9798 0.9798 0.9798 0.9798 0.9798 0.9798 0.9798 0.9798 0.9798 0.9798 0.9798
 0.9798 0.9798 0.9798 0.9798 0.9798 0.9798 0.9798 0.9798 0.9798 0.9798 0.9798 0.9798 0.9798 0.9798 0.9798 0.9798 0.9798 0.9798 0.9798 0.9798 0.9798 0.9798 0.9798 0.9798 0.9798 0.9798 0.9798 0.9798 0.9798 0.9798 0.9798 0.9798 0.9798 0.9798 0.9798 0.9798 0.9798 0.9798 0.9798 0.9798 0.9798 0.9798 0.9798 0.9798 0.9798 0.9798 0.9798 0.9798 0.9798 0.9798 0.9798 0.9798 0.9798 0.9798 0.9798 0.9798 0.9798 0.9798 0.9798 0.9798 0.9798 0.9798 0.9798 0.9798 0.9798 0.9798 0.9798 0.9798 0.9798 0.9798 0.9798 0.9798 0.9798 0.9798 0.9798 0.9798 0.9798 0.9798 0.9798
 0.9798 0.9798 0.9798 0.9798 0.9798 0.9798 0.9798 0.9798 0.9798 0.9798 0.9798 0.9798 0.9798 0.9798 0.9798 0.9798 0.9798 0.9798 0.9798 0.9798 0.9798 0.9798 0.9798 0.9798 0.9798 0.9798 0.9798 0.9798 0.9798 0.9798 0.9798 0.9798 0.9798 0.9798 0.9798 0.9798 0.9798 0.9798 0.9798 0.9798 0.9798 0.9798 0.9798 0.9798 0.9798 0.9798 0.9798 0.9798 0.9798 0.9798 0.9798 0.9798 0.9798 0.9798 0.9798 0.9798 0.9798 0.9798 0.9798 0.9798 0.9798 0.9798 0.9798 0.9798 0.9798 0.9798 0.9798 0.9798 0.9798 0.9798 0.9798 0.9798 0.9798 0.9798 0.9798 0.9798 0.9798 0.9798 0.9798 0.9798 0.9798 0.9798
 0.9798 0.9798 0.9798 0.9798 0.9798 0.9798 0.9798 0.9798 0.9798 0.9798 0.9798 0.9798 0.9798 0.9798 0.9798 0.9798 0.9798 0.9798 0.9798 0.9798 0.9798 0.9798 0.9798 0.9798 0.9798 0.9798 0.9798 0.9798 0.9798 0.9798 0.9798 0.9798 0.9798 0.9798 0.9798 0.9798 0.9798 0.9798 0.9798 0.9798 0.9798 0.9798 0.9798 0.9798 0.9798 0.9798 0.9798 0.9798 0.9798 0.9798 0.9798 0.9798 0.9798 0.9798 0.9798 0.9798 0.9798 0.9798 0.9798 0.9798 0.9798 0.9798 0.9798 0.9798 0.9798 0.9798 0.9798 0.9798 0.9798 0.9798 0.9798 0.9798 0.9798 0.9798 0.9798 0.9798 0.9798 0.9798 0.9798 0.9798 0.9798 0.9798 0.9798 0.9798 0.9798
 0.9798 0.9798 0.9798 0.9798 0.9798 0.9798 0.9798 0.9798 0.9798 0.9798 0.9798 0.9798 0.9798 0.9798 0.9798 0.9798 0.9798 0.9798 0.9798 0.9798 0.9798 0.9798 0.9798 0.9798 0.9798 0.9798 0.9798 0.9798 0.9798 0.9798 0.9798 0.9798 0.9798 0.9798 0.9798 0.9798 0.9798 0.9798 0.9798 0.9798 0.9798 0.9798 0.9798 0.9798 0.9798 0.9798 0.9798 0.9798 0.9798 0.9798 0.9798 0.9798 0.9798 0.9798 0.9798 0.9798 0.9798 0.9798 0.9798 0.9798 0.9798 0.9798 0.9798 0.9798 0.9798 0.9798 0.9798 0.9798 0.9798 0.9798 0.9798 0.9798 0.9798 0.9798 0.9798 0.9798 0.9798 0.9798 0.9798 0.9798 0.9798 0.9798 0.9798 0.9798 0.9798 0.9798 0.9798 0.9798
 0.9798 0.9798 0.9798 0.9798 0.9798 0.9798 0.9798 0.9798 0.9798 0.9798 0.9798 0.9798 0.9798 0.9798 0.9798 0.9798 0.9798 0.9798 0.9798 0.9798 0.9798 0.9798 0.9798 0.9798 0.9798 0.9798 0.9798 0.9798 0.9798 0.9798 0.9798 0.9798 0.9798 0.9798 0.9798 0.9798 0.9798 0.9798 0.9798 0.9798 0.9798 0.9798 0.9798 0.9798 0.9798 0.9798 0.9798 0.9798 0.9798 0.9798 0.9798 0.9798 0.9798 0.9798 0.9798 0.9798 0.9798 0.9798 0.9798 0.9798 0.9798 0.9798 0.9798 0.9798 0.9798 0.9798 0.9798 0.9798 0.9798 0.9798 0.9798 0.9798 0.9798 0.9798 0.9798 0.9798 0.9798 0.9798 0.9798 0.9798 0.9798 0.9798 0.9798 0.9798 0.9798 0.9798 0.9798 0.9798 0.9798 0.9798 0.9798
 0.9798 0.9798 0.9798 0.9798 0.9798 0.9798 0.9798 0.9798 0.9798 0.9798 0.9798 0.9798 0.9798 0.9798 0.9798 0.9798 0.9798 0.9798 0.9798 0.9798 0.9798 0.9798 0.9798 0.9798 0.9798 0.9798 0.9798 0.9798 0.9798 0.9798 0.9798 0.9798 0.9798 0.9798 0.9798 0.9798 0.9798 0.9798 0.9798 0.9798 0.9798 0.9798 0.9798 0.9798 0.9798 0.9798 0.9798 0.9798 0.9798 0.9798 0.9798 0.9798 0.9798 0.9798 0.9798 0.9798 0.9798 0.9798 0.9798 0.9798 0.9798 0.9798 0.9798 0.9798 0.9798 0.9798 0.9798 0.9798 0.9798 0.9798 0.9798 0.9798 0.9798 0.9798 0.9798 0.9798 0.9798 0.9798 0.9798 0.9798 0.9798 0.9798 0.9798 0.9798 0.9798 0.9798 0.9798 0.9798 0.9798 0.9798 0.9798 0.9798 0.9798 0.9798
 0.9798 0.9798 0.9798 0.9798 0.9798 0.9798 0.9798 0.9798 0.9798 0.9798 0.9798 0.9798 0.9798 0.9798 0.9798 0.9798 0.9798 0.9798 0.9798 0.9798 0.9798 0.9798 0.9798 0.9798 0.9798 0.9798 0.9798 0.9798 0.9798 0.9798 0.9798 0.9798 0.9798 0.9798 0.9798 0.9798 0.9798 0.9798 0.9798 0.9798 0.9798 0.9798 0.9798 0.9798 0.9798 0.9798 0.9798 0.9798 0.9798 0.9798 0.9798 0.9798 0.9798 0.9798 0.9798 0.9798 0.9798 0.9798 0.9798 0.9798 0.9798 0.9798 0.9798 0.9798 0.9798 0.9798 0.9798 0.9798 0.9798 0.9798 0.9798 0.9798 0.9798 0.9798 0.9798 0.9798 0.9798 0.9798 0.9798 0.9798 0.9798 0.9798 0.9798 0.9798 0.9798 0.9798 0.9798 0.9798 0.9798 0.9798 0.9798 0.9798 0.9798 0.9798 0.9798 0.9798 0.9798
 0.9798 0.9798 0.9798 0.9798 0.9798 0.9798 0.9798 0.9798 0.9798 0.9798 0.9798 0.9798 0.9798 0.9798 0.9798 0.9798 0.9798 0.9798 0.9798 0.9798 0.9798 0.9798 0.9798 0.9798 0.9798 0.9798 0.9798 0.9798 0.9798 0.9798 0.9798 0.9798 0.9798 0.9798 0.9798 0.9798 0.9798 0.9798 0.9798 0.9798 0.9798 0.9798 0.9798 0.9798 0.9798 0.9798 0.9798 0.9798 0.9798 0.9798 0.9798 0.9798 0.9798 0.9798 0.9798 0.9798 0.9798 0.9798 0.9798 0.9798 0.9798 0.9798 0.9798 0.9798 0.9798 0.9798 0.9798 0.9798 0.9798 0.9798 0.9798 0.9798 0.9798 0.9798 0.9798 0.9798 0.9798 0.9798 0.9798 0.9798 0.9798 0.9798 0.9798 0.9798 0.9798 0.9798 0.9798 0.9798 0.9798 0.9798 0.9798 0.9798 0.9798 0.9798 0.9798 0.9798 0.9798 0.9798 0.9798 0.9798
 0.9798 0.9798 0.9798 0.9798 0.9798 0.9798 0.9798 0.9798 0.9798 0.9798 0.9798 0.9798 0.9798 0.9798 0.9798 0.9798 0.9798 0.9798 0.9798 0.9798 0.9798 0.9798 0.9798 0.9798 0.9798 0.9798 0.9798 0.9798 0.9798 0.9798 0.9798 0.9798 0.9798 0.9798 0.9798 0.9798 0.9798 0.9798 0.9798 0.9798 0.9798 0.9798 0.9798 0.9798 0.9798 0.9798 0.9798 0.9798 0.9798 0.9798 0.9798 0.9798 0.9798 0.9798 0.9798 0.9798 0.9798 0.9798 0.9798 0.9798 0.9798 0.9798 0.9798 0.9798 0.9798 0.9798 0.9798 0.9798 0.9798 0.9798 0.9798 0.9798 0.9798 0.9798 0.9798 0.9798 0.9798 0.9798 0.9798 0.9798 0.9798 0.9798 0.9798 0.9798 0.9798 0.9798 0.9798 0.9798 0.9798 0.9798 0.9798 0.9798 0.9798 0.9798 0.9798 0.9798 0.9798 0.9798 0.9798 0.9798 0.9798 0.9798 0.9798
 0.9798 0.9798 0.9798 0.9798 0.9798 0.9798 0.9798 0.9798 0.9798 0.9798 0.9798 0.9798 0.9798 0.9798 0.9798 0.9798 0.9798 0.9798 0.9798 0.9798 0.9798 0.9798 0.9798 0.9798 0.9798 0.9798 0.9798 0.9798 0.9798 0.9798 0.9798 0.9798 0.9798 0.9798 0.9798 0.9798 0.9798 0.9798 0.9798 0.9798 0.9798 0.9798 0.9798 0.9798 0.9798 0.9798 0.9798 0.9798 0.9798 0.9798 0.9798 0.9798 0.9798 0.9798 0.9798 0.9798 0.9798 0.9798 0.9798 0.9798 0.9798 0.9798 0.9798 0.9798 0.9798 0.9798 0.9798 0.9798 0.9798 0.9798 0.9798 0.9798 0.9798 0.9798 0.9798 0.9798 0.9798 0.9798 0.9798 0.9798 0.9798 0.9798 0.9798 0.9798 0.9798 0.9798 0.9798 0.9798 0.9798 0.9798 0.9798 0.9798 0.9798 0.9798 0.9798 0.9798 0.9798 0.9798 0.9798 0.9798 0.9798 0.9798 0.9798 0.9798 0.9798 0.9798
 0.9798 0.9798 0.9798 0.9798 0.9798 0.9798 0.9798 0.9798 0.9798 0.9798 0.9798 0.9798 0.9798 0.9798 0.9798 0.9798 0.9798 0.9798 0.9798 0.9798 0.9798 0.9798 0.9798 0.9798 0.9798 0.9798 0.9798 0.9798 0.9798 0.9798 0.9798 0.9798 0.9798 0.9798 0.9798 0.9798 0.9798 0.9798 0.9798 0.9798 0.9798 0.9798 0.9798 0.9798 0.9798 0.9798 0.9798 0.9798 0.9798 0.9798 0.9798 0.9798 0.9798 0.9798 0.9798 0.9798 0.9798 0.9798 0.9798 0.9798 0.9798 0.9798 0.9798 0.9798 0.9798 0.9798 0.9798 0.9798 0.9798 0.9798 0.9798 0.9798 0.9798 0.9798 0.9798 0.9798 0.9798 0.9798 0.9798 0.9798 0.9798 0.9798 0.9798 0.9798 0.9798 0.9798 0.9798 0.9798 0.9798 0.9798 0.9798 0.9798 0.9798 0.9798 0.9798 0.9798 0.9798 0.9798 0.9798 0.9798 0.9798 0.9798 0.9798 0.9798 0.9798 0.9798 0.9798 0.9798 0.9798
 0.9798 0.9798 0.9798 0.9798 0.9798 0.9798 0.9798 0.9798 0.9798 0.9798 0.9798 0.9798 0.9798 0.9798 0.9798 0.9798 0.9798 0.9798 0.9798 0.9798 0.9798 0.9798 0.9798 0.9798 0.9798 0.9798 0.9798 0.9798 0.9798 0.9798 0.9798 0.9798 0.9798 0.9798 0.9798 0.9798 0.9798 0.9798 0.9798 0.9798 0.9798 0.9798 0.9798 0.9798 0.9798 0.9798 0.9798 0.9798 0.9798 0.9798 0.9798 0.9798 0.9798 0.9798 0.9798 0.9798 0.9798 0.9798 0.9798 0.9798 0.9798 0.9798 0.9798 0.9798 0.9798 0.9798 0.9798 0.9798 0.9798 0.9798 0.9798 0.9798 0.9798 0.9798 0.9798 0.9798 0.9798 0.9798 0.9798 0.9798 0.9798 0.9798 0.9798 0.9798 0.9798 0.9798 0.9798 0.9798 0.9798 0.9798 0.9798 0.9798 0.9798 0.9798 0.9798 0.9798 0.9798 0.9798 0.9798 0.9798 0.9798 0.9798 0.9798 0.9798 0.9798 0.9798 0.9798 0.9798 0.9798 0.9798 0.9798 0.9798
 0.9798 0.9798 0.9798 0.9798 0.9798 0.9798 0.9798 0.9798 0.9798 0.9798 0.9798 0.9798 0.9798 0.9798 0.9798 0.9798 0.9798 0.9798 0.9798 0.9798 0.9798 0.9798 0.9798 0.9798 0.9798 0.9798 0.9798 0.9798 0.9798 0.9798 0.9798 0.9798 0.9798 0.9798 0.9798 0.9798 0.9798 0.9798 0.9798 0.9798 0.9798 0.9798 0.9798 0.9798 0.9798 0.9798 0.9798 0.9798 0.9798 0.9798 0.9798 0.9798 0.9798 0.9798 0.9798 0.9798 0.9798 0.9798 0.9798 0.9798 0.9798 0.9798 0.9798 0.9798 0.9798 0.9798 0.9798 0.9798 0.9798 0.9798 0.9798 0.9798 0.9798 0.9798 0.9798 0.9798 0.9798 0.9798 0.9798 0.9798 0.9798 0.9798 0.9798 0.9798 0.9798 0.9798 0.9798 0.9798 0.9798 0.9798 0.9798 0.9798 0.9798 0.9798 0.9798 0.9798 0.9798 0.9798 0.9798 0.9798 0.9798 0.9798 0.9798 0.9798 0.9798 0.9798 0.9798 0.9798 0.9798 0.9798 0.9798 0.9798 0.9798 0.9798 0.9798
 0.9798 0.9798 0.9798 0.9798 0.9798 0.9798 0.9798 0.9798 0.9798 0.9798 0.9798 0.9798 0.9798 0.9798 0.9798 0.9798 0.9798 0.9798 0.9798 0.9798 0.9798 0.9798 0.9798 0.9798 0.9798 0.9798 0.9798 0.9798 0.9798 0.9798 0.9798 0.9798 0.9798 0.9798 0.9798 0.9798 0.9798 0.9798 0.9798 0.9798 0.9798 0.9798 0.9798 0.9798 0.9798 0.9798 0.9798 0.9798 0.9798 0.9798 0.9798 0.9798 0.9798 0.9798 0.9798 0.9798 0.9798 0.9798 0.9798 0.9798 0.9798 0.9798 0.9798 0.9798 0.9798 0.9798 0.9798 0.9798 0.9798 0.9798 0.9798 0.9798 0.9798 0.9798 0.9798 0.9798 0.9798 0.9798 0.9798 0.9798 0.9798 0.9798 0.9798 0.9798 0.9798 0.9798 0.9798 0.9798 0.9798 0.9798 0.9798 0.9798 0.9798 0.9798 0.9798 0.9798 0.9798 0.9798 0.9798 0.9798 0.9798 0.9798 0.9798 0.9798 0.9798 0.9798 0.9798 0.9798 0.9798 0.9798 0.9798 0.9798 0.9798 0.9798 0.9798 0.9798 0.9798 0.9798
 0.9798 0.9798 0.9798 0.9798 0.9798 0.9798 0.9798 0.9798 0.9798 0.9798 0.9798 0.9798 0.9798 0.9798 0.9798 0.9798 0.9798 0.9798 0.9798 0.9798 0.9798 0.9798 0.9798 0.9798 0.9798 0.9798 0.9798 0.9798 0.9798 0.9798 0.9798 0.9798 0.9798 0.9798 0.9798 0.9798 0.9798 0.9798 0.9798 0.9798 0.9798 0.9798 0.9798 0.9798 0.9798 0.9798 0.9798 0.9798 0.9798 0.9798 0.9798 0.9798 0.9798 0.9798 0.9798 0.9798 0.9798 0.9798 0.9798 0.9798 0.9798 0.9798 0.9798 0.9798 0.9798 0.9798 0.9798 0.9798 0.9798 0.9798 0.9798 0.9798 0.9798 0.9798 0.9798 0.9798 0.9798 0.9798 0.9798 0.9798 0.9798 0.9798 0.9798 0.9798 0.9798 0.9798 0.9798 0.9798 0.9798 0.9798 0.9798 0.9798 0.9798 0.9798 0.9798 0.9798 0.9798 0.9798 0.9798 0.9798 0.9798 0.9798 0.9798 0.9798 0.9798 0.9798 0.9798 0.9798 0.9798 0.9798 0.9798 0.9798 0.9798 0.9798 0.9798 0.9798 0.9798 0.9798 0.9798 0.9798 0.9798
 0.9798 0.9798 0.9798 0.9798 0.9798 0.9798 0.9798 0.9798 0.9798 0.9798 0.9798 0.9798 0.9798 0.9798 0.9798 0.9798 0.9798 0.9798 0.9798 0.9798 0.9798 0.9798 0.9798 0.9798 0.9798 0.9798 0.9798 0.9798 0.9798 0.9798 0.9798 0.9798 0.9798 0.9798 0.9798 0.9798 0.9798 0.9798 0.9798 0.9798 0.9798 0.9798 0.9798 0.9798 0.9798 0.9798 0.9798 0.9798 0.9798 0.9798 0.9798 0.9798 0.9798 0.9798 0.9798 0.9798 0.9798 0.9798 0.9798 0.9798 0.9798 0.9798 0.9798 0.9798 0.9798 0.9798 0.9798 0.9798 0.9798 0.9798 0.9798 0.9798 0.9798 0.9798 0.9798 0.9798 0.9798 0.9798 0.9798 0.9798 0.9798 0.9798 0.9798 0.9798 0.9798 0.9798 0.9798 0.9798 0.9798 0.9798 0.9798 0.9798 0.9798 0.9798 0.9798 0.9798 0.9798 0.9798 0.9798 0.9798 0.9798 0.9798 0.9798 0.9798 0.9798 0.9798 0.9798 0.9798 0.9798 0.9798 0.9798 0.9798 0.9798 0.9798 0.9798 0.9798 0.9798 0.9798 0.9798 0.9798 0.9798 0.9798 0.9798 0.9798
 0.9798 0.9798 0.9798 0.9798 0.9798 0.9798 0.9798 0.9798 0.9798 0.9798 0.9798 0.9798 0.9798 0.9798 0.9798 0.9798 0.9798 0.9798 0.9798 0.9798 0.9798 0.9798 0.9798 0.9798 0.9798 0.9798 0.9798 0.9798 0.9798 0.9798 0.9798 0.9798 0.9798 0.9798 0.9798 0.9798 0.9798 0.9798 0.9798 0.9798 0.9798 0.9798 0.9798 0.9798 0.9798 0.9798 0.9798 0.9798 0.9798 0.9798 0.9798 0.9798 0.9798 0.9798 0.9798 0.9798 0.9798 0.9798 0.9798 0.9798 0.9798 0.9798 0.9798 0.9798 0.9798 0.9798 0.9798 0.9798 0.9798 0.9798 0.9798 0.9798 0.9798 0.9798 0.9798 0.9798 0.9798 0.9798 0.9798 0.9798 0.9798 0.9798 0.9798 0.9798 0.9798 0.9798 0.9798 0.9798 0.9798 0.9798 0.9798 0.9798 0.9798 0.9798 0.9798 0.9798 0.9798 0.9798 0.9798 0.9798 0.9798 0.9798 0.9798 0.9798 0.9798 0.9798 0.9798 0.9798 0.9798 0.9798 0.9798 0.9798 0.9798 0.9798 0.9798 0.9798 0.9798 0.9798 0.9798 0.9798 0.9798 0.9798 0.9798 0.9798 0.9798 0.9798 0.9798
 0.9798 0.9798 0.9798 0.9798 0.9798 0.9798 0.9798 0.9798 0.9798 0.9798 0.9798 0.9798 0.9798 0.9798 0.9798 0.9798 0.9798 0.9798 0.9798 0.9798 0.9798 0.9798 0.9798 0.9798 0.9798 0.9798 0.9798 0.9798 0.9798 0.9798 0.9798 0.9798 0.9798 0.9798 0.9798 0.9798 0.9798 0.9798 0.9798 0.9798 0.9798 0.9798 0.9798 0.9798 0.9798 0.9798 0.9798 0.9798 0.9798 0.9798 0.9798 0.9798 0.9798 0.9798 0.9798 0.9798 0.9798 0.9798 0.9798 0.9798 0.9798 0.9798 0.9798 0.9798 0.9798 0.9798 0.9798 0.9798 0.9798 0.9798 0.9798 0.9798 0.9798 0.9798 0.9798 0.9798 0.9798 0.9798 0.9798 0.9798 0.9798 0.9798 0.9798 0.9798 0.9798 0.9798 0.9798 0.9798 0.9798 0.9798 0.9798 0.9798 0.9798 0.9798 0.9798 0.9798 0.9798 0.9798 0.9798 0.9798 0.9798 0.9798 0.9798 0.9798 0.9798 0.9798 0.9798 0.9798 0.9798 0.9798 0.9798 0.9798 0.9798 0.9798 0.9798 0.9798 0.9798 0.9798 0.9798 0.9798 0.9798 0.9798 0.9798 0.9798 0.9798 0.9798 0.9798 0.9798 0.9798 0.9798
 0.9798 0.9798 0.9798 0.9798 0.9798 0.9798 0.9798 0.9798 0.9798 0.9798 0.9798 0.9798 0.9798 0.9798 0.9798 0.9798 0.9798 0.9798 0.9798 0.9798 0.9798 0.9798 0.9798 0.9798 0.9798 0.9798 0.9798 0.9798 0.9798 0.9798 0.9798 0.9798 0.9798 0.9798 0.9798 0.9798 0.9798 0.9798 0.9798 0.9798 0.9798 0.9798 0.9798 0.9798 0.9798 0.9798 0.9798 0.9798 0.9798 0.9798 0.9798 0.9798 0.9798 0.9798 0.9798 0.9798 0.9798 0.9798 0.9798 0.9798 0.9798 0.9798 0.9798 0.9798 0.9798 0.9798 0.9798 0.9798 0.9798 0.9798 0.9798 0.9798 0.9798 0.9798 0.9798 0.9798 0.9798 0.9798 0.9798 0.9798 0.9798 0.9798 0.9798 0.9798 0.9798 0.9798 0.9798 0.9798 0.9798 0.9798 0.9798 0.9798 0.9798 0.9798 0.9798 0.9798 0.9798 0.9798 0.9798 0.9798 0.9798 0.9798 0.9798 0.9798 0.9798 0.9798 0.9798 0.9798 0.9798 0.9798 0.9798 0.9798 0.9798 0.9798 0.9798 0.9798 0.9798 0.9798 0.9798 0.9798 0.9798 0.9798 0.9798 0.9798 0.9798 0.9798 0.9798 0.9798 0.9798 0.9798 0.9798 0.9798 0.9798
 0.9798 0.9798 0.9798 0.9798 0.9798 0.9798 0.9798 0.9798 0.9798 0.9798 0.9798 0.9798 0.9798 0.9798 0.9798 0.9798 0.9798 0.9798 0.9798 0.9798 0.9798 0.9798 0.9798 0.9798 0.9798 0.9798 0.9798 0.9798 0.9798 0.9798 0.9798 0.9798 0.9798 0.9798 0.9798 0.9798 0.9798 0.9798 0.9798 0.9798 0.9798 0.9798 0.9798 0.9798 0.9798 0.9798 0.9798 0.9798 0.9798 0.9798 0.9798 0.9798 0.9798 0.9798 0.9798 0.9798 0.9798 0.9798 0.9798 0.9798 0.9798 0.9798 0.9798 0.9798 0.9798 0.9798 0.9798 0.9798 0.9798 0.9798 0.9798 0.9798 0.9798 0.9798 0.9798 0.9798 0.9798 0.9798 0.9798 0.9798 0.9798 0.9798 0.9798 0.9798 0.9798 0.9798 0.9798 0.9798 0.9798 0.9798 0.9798 0.9798 0.9798 0.9798 0.9798 0.9798 0.9798 0.9798 0.9798 0.9798 0.9798 0.9798 0.9798 0.9798 0.9798 0.9798 0.9798 0.9798 0.9798 0.9798 0.9798 0.9798 0.9798 0.9798 0.9798 0.9798 0.9798 0.9798 0.9798 0.9798 0.9798 0.9798 0.9798 0.9798 0.9798 0.9798 0.9798 0.9798 0.9798 0.9798 0.9798 0.9798 0.9798 0.9798 0.9798 0.9798
 0.9798 0.9798 0.9798 0.9798 0.9798 0.9798 0.9798 0.9798 0.9798 0.9798 0.9798 0.9798 0.9798 0.9798 0.9798 0.9798 0.9798 0.9798 0.9798 0.9798 0.9798 0.9798 0.9798 0.9798 0.9798 0.9798 0.9798 0.9798 0.9798 0.9798 0.9798 0.9798 0.9798 0.9798 0.9798 0.9798 0.9798 0.9798 0.9798 0.9798 0.9798 0.9798 0.9798 0.9798 0.9798 0.9798 0.9798 0.9798 0.9798 0.9798 0.9798 0.9798 0.9798 0.9798 0.9798 0.9798 0.9798 0.9798 0.9798 0.9798 0.9798 0.9798 0.9798 0.9798 0.9798 0.9798 0.9798 0.9798 0.9798 0.9798 0.9798 0.9798 0.9798 0.9798 0.9798 0.9798 0.9798 0.9798 0.9798 0.9798 0.9798 0.9798 0.9798 0.9798 0.9798 0.9798 0.9798 0.9798 0.9798 0.9798 0.9798 0.9798 0.9798 0.9798 0.9798 0.9798 0.9798 0.9798 0.9798 0.9798 0.9798 0.9798 0.9798 0.9798 0.9798 0.9798 0.9798 0.9798 0.9798 0.9798 0.9798 0.9798 0.9798 0.9798 0.9798 0.9798 0.9798 0.9798 0.9798 0.9798 0.9798 0.9798 0.9798 0.9798 0.9798 0.9798 0.9798 0.9798 0.9798 0.9798 0.9798 0.9798 0.9798 0.9798 0.9798 0.9798 0.9798 0.9798 0.9798
 0.9798 0.9798 0.9798 0.9798 0.9798 0.9798 0.9798 0.9798 0.9798 0.9798 0.9798 0.9798 0.9798 0.9798 0.9798 0.9798 0.9798 0.9798 0.9798 0.9798 0.9798 0.9798 0.9798 0.9798 0.9798 0.9798 0.9798 0.9798 0.9798 0.9798 0.9798 0.9798 0.9798 0.9798 0.9798 0.9798 0.9798 0.9798 0.9798 0.9798 0.9798 0.9798 0.9798 0.9798 0.9798 0.9798 0.9798 0.9798 0.9798 0.9798 0.9798 0.9798 0.9798 0.9798 0.9798 0.9798 0.9798 0.9798 0.9798 0.9798 0.9798 0.9798 0.9798 0.9798 0.9798 0.9798 0.9798 0.9798 0.9798 0.9798 0.9798 0.9798 0.9798 0.9798 0.9798 0.9798 0.9798 0.9798 0.9798 0.9798 0.9798 0.9798 0.9798 0.9798 0.9798 0.9798 0.9798 0.9798 0.9798 0.9798 0.9798 0.9798 0.9798 0.9798 0.9798 0.9798 0.9798 0.9798 0.9798 0.9798 0.9798 0.9798 0.9798 0.9798 0.9798 0.9798 0.9798 0.9798 0.9798 0.9798 0.9798 0.9798 0.9798 0.9798 0.9798 0.9798 0.9798 0.9798 0.9798 0.9798 0.9798 0.9798 0.9798 0.9798 0.9798 0.9798 0.9798 0.9798 0.9798 0.9798 0.9798 0.9798 0.9798 0.9798 0.9798 0.9798 0.9798 0.9798 0.9798 0.9798 0.9798 0.9798
 0.9798 0.9798 0.9798 0.9798 0.9798 0.9798 0.9798 0.9798 0.9798 0.9798 0.9798 0.9798 0.9798 0.9798 0.9798 0.9798 0.9798 0.9798 0.9798 0.9798 0.9798 0.9798 0.9798 0.9798 0.9798 0.9798 0.9798 0.9798 0.9798 0.9798 0.9798 0.9798 0.9798 0.9798 0.9798 0.9798 0.9798 0.9798 0.9798 0.9798 0.9798 0.9798 0.9798 0.9798 0.9798 0.9798 0.9798 0.9798 0.9798 0.9798 0.9798 0.9798 0.9798 0.9798 0.9798 0.9798 0.9798 0.9798 0.9798 0.9798 0.9798 0.9798 0.9798 0.9798 0.9798 0.9798 0.9798 0.9798 0.9798 0.9798 0.9798 0.9798 0.9798 0.9798 0.9798 0.9798 0.9798 0.9798 0.9798 0.9798 0.9798 0.9798 0.9798 0.9798 0.9798 0.9798 0.9798 0.9798 0.9798 0.9798 0.9798 0.9798 0.9798 0.9798 0.9798 0.9798 0.9798 0.9798 0.9798 0.9798 0.9798 0.9798 0.9798 0.9798 0.9798 0.9798 0.9798 0.9798 0.9798 0.9798 0.9798 0.9798 0.9798 0.9798 0.9798 0.9798 0.9798 0.9798 0.9798 0.9798 0.9798 0.9798 0.9798 0.9798 0.9798 0.9798 0.9798 0.9798 0.9798 0.9798 0.9798 0.9798 0.9798 0.9798 0.9798 0.9798 0.9798 0.9798 0.9798 0.9798 0.9798 0.9798 0.9798 0.9798 0.9798
 0.9798 0.9798 0.9798 0.9798 0.9798 0.9798 0.9798 0.9798 0.9798 0.9798 0.9798 0.9798 0.9798 0.9798 0.9798 0.9798 0.9798 0.9798 0.9798 0.9798 0.9798 0.9798 0.9798 0.9798 0.9798 0.9798 0.9798 0.9798 0.9798 0.9798 0.9798 0.9798 0.9798 0.9798 0.9798 0.9798 0.9798 0.9798 0.9798 0.9798 0.9798 0.9798 0.9798 0.9798 0.9798 0.9798 0.9798 0.9798 0.9798 0.9798 0.9798 0.9798 0.9798 0.9798 0.9798 0.9798 0.9798 0.9798 0.9798 0.9798 0.9798 0.9798 0.9798 0.9798 0.9798 0.9798 0.9798 0.9798 0.9798 0.9798 0.9798 0.9798 0.9798 0.9798 0.9798 0.9798 0.9798 0.9798 0.9798 0.9798 0.9798 0.9798 0.9798 0.9798 0.9798 0.9798 0.9798 0.9798 0.9798 0.9798 0.9798 0.9798 0.9798 0.9798 0.9798 0.9798 0.9798 0.9798 0.9798 0.9798 0.9798 0.9798 0.9798 0.9798 0.9798 0.9798 0.9798 0.9798 0.9798 0.9798 0.9798 0.9798 0.9798 0.9798 0.9798 0.9798 0.9798 0.9798 0.9798 0.9798 0.9798 0.9798 0.9798 0.9798 0.9798 0.9798 0.9798 0.9798 0.9798 0.9798 0.9798 0.9798 0.9798 0.9798 0.9798 0.9798 0.9798 0.9798 0.9798 0.9798 0.9798 0.9798 0.9798 0.9798 0.9798 0.9798 0.9798 0.9798
 0.9798 0.9798 0.9798 0.9798 0.9798 0.9798 0.9798 0.9798 0.9798 0.9798 0.9798 0.9798 0.9798 0.9798 0.9798 0.9798 0.9798 0.9798 0.9798 0.9798 0.9798 0.9798 0.9798 0.9798 0.9798 0.9798 0.9798 0.9798 0.9798 0.9798 0.9798 0.9798 0.9798 0.9798 0.9798 0.9798 0.9798 0.9798 0.9798 0.9798 0.9798 0.9798 0.9798 0.9798 0.9798 0.9798 0.9798 0.9798 0.9798 0.9798 0.9798 0.9798 0.9798 0.9798 0.9798 0.9798 0.9798 0.9798 0.9798 0.9798 0.9798 0.9798 0.9798 0.9798 0.9798 0.9798 0.9798 0.9798 0.9798 0.9798 0.9798 0.9798 0.9798 0.9798 0.9798 0.9798 0.9798 0.9798 0.9798 0.9798 0.9798 0.9798 0.9798 0.9798 0.9798 0.9798 0.9798 0.9798 0.9798 0.9798 0.9798 0.9798 0.9798 0.9798 0.9798 0.9798 0.9798 0.9798 0.9798 0.9798 0.9798 0.9798 0.9798 0.9798 0.9798 0.9798 0.9798 0.9798 0.9798 0.9798 0.9798 0.9798 0.9798 0.9798 0.9798 0.9798 0.9798 0.9798 0.9798 0.9798 0.9798 0.9798 0.9798 0.9798 0.9798 0.9798 0.9798 0.9798 0.9798 0.9798 0.9798 0.9798 0.9798 0.9798 0.9798 0.9798 0.9798 0.9798 0.9798 0.9798 0.9798 0.9798 0.9798 0.9798 0.9798 0.9798 0.9798 0.9798 0.9798 0.9798
 0.9798 0.9798 0.9798 0.9798 0.9798 0.9798 0.9798 0.9798 0.9798 0.9798 0.9798 0.9798 0.9798 0.9798 0.9798 0.9798 0.9798 0.9798 0.9798 0.9798 0.9798 0.9798 0.9798 0.9798 0.9798 0.9798 0.9798 0.9798 0.9798 0.9798 0.9798 0.9798 0.9798 0.9798 0.9798 0.9798 0.9798 0.9798 0.9798 0.9798 0.9798 0.9798 0.9798 0.9798 0.9798 0.9798 0.9798 0.9798 0.9798 0.9798 0.9798 0.9798 0.9798 0.9798 0.9798 0.9798 0.9798 0.9798 0.9798 0.9798 0.9798 0.9798 0.9798 0.9798 0.9798 0.9798 0.9798 0.9798 0.9798 0.9798 0.9798 0.9798 0.9798 0.9798 0.9798 0.9798 0.9798 0.9798 0.9798 0.9798 0.9798 0.9798 0.9798 0.9798 0.9798 0.9798 0.9798 0.9798 0.9798 0.9798 0.9798 0.9798 0.9798 0.9798 0.9798 0.9798 0.9798 0.9798 0.9798 0.9798 0.9798 0.9798 0.9798 0.9798 0.9798 0.9798 0.9798 0.9798 0.9798 0.9798 0.9798 0.9798 0.9798 0.9798 0.9798 0.9798 0.9798 0.9798 0.9798 0.9798 0.9798 0.9798 0.9798 0.9798 0.9798 0.9798 0.9798 0.9798 0.9798 0.9798 0.9798 0.9798 0.9798 0.9798 0.9798 0.9798 0.9798 0.9798 0.9798 0.9798 0.9798 0.9798 0.9798 0.9798 0.9798 0.9798 0.9798 0.9798 0.9798 0.9798 0.9798
 0.9798 0.9798 0.9798 0.9798 0.9798 0.9798 0.9798 0.9798 0.9798 0.9798 0.9798 0.9798 0.9798 0.9798 0.9798 0.9798 0.9798 0.9798 0.9798 0.9798 0.9798 0.9798 0.9798 0.9798 0.9798 0.9798 0.9798 0.9798 0.9798 0.9798 0.9798 0.9798 0.9798 0.9798 0.9798 0.9798 0.9798 0.9798 0.9798 0.9798 0.9798 0.9798 0.9798 0.9798 0.9798 0.9798 0.9798 0.9798 0.9798 0.9798 0.9798 0.9798 0.9798 0.9798 0.9798 0.9798 0.9798 0.9798 0.9798 0.9798 0.9798 0.9798 0.9798 0.9798 0.9798 0.9798 0.9798 0.9798 0.9798 0.9798 0.9798 0.9798 0.9798 0.9798 0.9798 0.9798 0.9798 0.9798 0.9798 0.9798 0.9798 0.9798 0.9798 0.9798 0.9798 0.9798 0.9798 0.9798 0.9798 0.9798 0.9798 0.9798 0.9798 0.9798 0.9798 0.9798 0.9798 0.9798 0.9798 0.9798 0.9798 0.9798 0.9798 0.9798 0.9798 0.9798 0.9798 0.9798 0.9798 0.9798 0.9798 0.9798 0.9798 0.9798 0.9798 0.9798 0.9798 0.9798 0.9798 0.9798 0.9798 0.9798 0.9798 0.9798 0.9798 0.9798 0.9798 0.9798 0.9798 0.9798 0.9798 0.9798 0.9798 0.9798 0.9798 0.9798 0.9798 0.9798 0.9798 0.9798 0.9798 0.9798 0.9798 0.9798 0.9798 0.9798 0.9798 0.9798 0.9798 0.9798 0.9798 0.9798
 0.9798 0.9798 0.9798 0.9798 0.9798 0.9798 0.9798 0.9798 0.9798 0.9798 0.9798 0.9798 0.9798 0.9798 0.9798 0.9798 0.9798 0.9798 0.9798 0.9798 0.9798 0.9798 0.9798 0.9798 0.9798 0.9798 0.9798 0.9798 0.9798 0.9798 0.9798 0.9798 0.9798 0.9798 0.9798 0.9798 0.9798 0.9798 0.9798 0.9798 0.9798 0.9798 0.9798 0.9798 0.9798 0.9798 0.9798 0.9798 0.9798 0.9798 0.9798 0.9798 0.9798 0.9798 0.9798 0.9798 0.9798 0.9798 0.9798 0.9798 0.9798 0.9798 0.9798 0.9798 0.9798 0.9798 0.9798 0.9798 0.9798 0.9798 0.9798 0.9798 0.9798 0.9798 0.9798 0.9798 0.9798 0.9798 0.9798 0.9798 0.9798 0.9798 0.9798 0.9798 0.9798 0.9798 0.9798 0.9798 0.9798 0.9798 0.9798 0.9798 0.9798 0.9798 0.9798 0.9798 0.9798 0.9798 0.9798 0.9798 0.9798 0.9798 0.9798 0.9798 0.9798 0.9798 0.9798 0.9798 0.9798 0.9798 0.9798 0.9798 0.9798 0.9798 0.9798 0.9798 0.9798 0.9798 0.9798 0.9798 0.9798 0.9798 0.9798 0.9798 0.9798 0.9798 0.9798 0.9798 0.9798 0.9798 0.9798 0.9798 0.9798 0.9798 0.9798 0.9798 0.9798 0.9798 0.9798 0.9798 0.9798 0.9798 0.9798 0.9798 0.9798 0.9798 0.9798 0.9798 0.9798 0.9798 0.9798 0.9798 0.9798
 0.9798 0.9798 0.9798 0.9798 0.9798 0.9798 0.9798 0.9798 0.9798 0.9798 0.9798 0.9798 0.9798 0.9798 0.9798 0.9798 0.9798 0.9798 0.9798 0.9798 0.9798 0.9798 0.9798 0.9798 0.9798 0.9798 0.9798 0.9798 0.9798 0.9798 0.9798 0.9798 0.9798 0.9798 0.9798 0.9798 0.9798 0.9798 0.9798 0.9798 0.9798 0.9798 0.9798 0.9798 0.9798 0.9798 0.9798 0.9798 0.9798 0.9798 0.9798 0.9798 0.9798 0.9798 0.9798 0.9798 0.9798 0.9798 0.9798 0.9798 0.9798 0.9798 0.9798 0.9798 0.9798 0.9798 0.9798 0.9798 0.9798 0.9798 0.9798 0.9798 0.9798 0.9798 0.9798 0.9798 0.9798 0.9798 0.9798 0.9798 0.9798 0.9798 0.9798 0.9798 0.9798 0.9798 0.9798 0.9798 0.9798 0.9798 0.9798 0.9798 0.9798 0.9798 0.9798 0.9798 0.9798 0.9798 0.9798 0.9798 0.9798 0.9798 0.9798 0.9798 0.9798 0.9798 0.9798 0.9798 0.9798 0.9798 0.9798 0.9798 0.9798 0.9798 0.9798 0.9798 0.9798 0.9798 0.9798 0.9798 0.9798 0.9798 0.9798 0.9798 0.9798 0.9798 0.9798 0.9798 0.9798 0.9798 0.9798 0.9798 0.9798 0.9798 0.9798 0.9798 0.9798 0.9798 0.9798 0.9798 0.9798 0.9798 0.9798 0.9798 0.9798 0.9798 0.9798 0.9798 0.9798 0.9798 0.9798 0.9798 0.9798 0.9798
 0.9798 0.9798 0.9798 0.9798 0.9798 0.9798 0.9798 0.9798 0.9798 0.9798 0.9798 0.9798 0.9798 0.9798 0.9798 0.9798 0.9798 0.9798 0.9798 0.9798 0.9798 0.9798 0.9798 0.9798 0.9798 0.9798 0.9798 0.9798 0.9798 0.9798 0.9798 0.9798 0.9798 0.9798 0.9798 0.9798 0.9798 0.9798 0.9798 0.9798 0.9798 0.9798 0.9798 0.9798 0.9798 0.9798 0.9798 0.9798 0.9798 0.9798 0.9798 0.9798 0.9798 0.9798 0.9798 0.9798 0.9798 0.9798 0.9798 0.9798 0.9798 0.9798 0.9798 0.9798 0.9798 0.9798 0.9798 0.9798 0.9798 0.9798 0.9798 0.9798 0.9798 0.9798 0.9798 0.9798 0.9798 0.9798 0.9798 0.9798 0.9798 0.9798 0.9798 0.9798 0.9798 0.9798 0.9798 0.9798 0.9798 0.9798 0.9798 0.9798 0.9798 0.9798 0.9798 0.9798 0.9798 0.9798 0.9798 0.9798 0.9798 0.9798 0.9798 0.9798 0.9798 0.9798 0.9798 0.9798 0.9798 0.9798 0.9798 0.9798 0.9798 0.9798 0.9798 0.9798 0.9798 0.9798 0.9798 0.9798 0.9798 0.9798 0.9798 0.9798 0.9798 0.9798 0.9798 0.9798 0.9798 0.9798 0.9798 0.9798 0.9798 0.9798 0.9798 0.9798 0.9798 0.9798 0.9798 0.9798 0.9798 0.9798 0.9798 0.9798 0.9798 0.9798 0.9798 0.9798 0.9798 0.9798 0.9798 0.9798 0.9798 0.9798 0.9798
 0.9798 0.9798 0.9798 0.9798 0.9798 0.9798 0.9798 0.9798 0.9798 0.9798 0.9798 0.9798 0.9798 0.9798 0.9798 0.9798 0.9798 0.9798 0.9798 0.9798 0.9798 0.9798 0.9798 0.9798 0.9798 0.9798 0.9798 0.9798 0.9798 0.9798 0.9798 0.9798 0.9798 0.9798 0.9798 0.9798 0.9798 0.9798 0.9798 0.9798 0.9798 0.9798 0.9798 0.9798 0.9798 0.9798 0.9798 0.9798 0.9798 0.9798 0.9798 0.9798 0.9798 0.9798 0.9798 0.9798 0.9798 0.9798 0.9798 0.9798 0.9798 0.9798 0.9798 0.9798 0.9798 0.9798 0.9798 0.9798 0.9798 0.9798 0.9798 0.9798 0.9798 0.9798 0.9798 0.9798 0.9798 0.9798 0.9798 0.9798 0.9798 0.9798 0.9798 0.9798 0.9798 0.9798 0.9798 0.9798 0.9798 0.9798 0.9798 0.9798 0.9798 0.9798 0.9798 0.9798 0.9798 0.9798 0.9798 0.9798 0.9798 0.9798 0.9798 0.9798 0.9798 0.9798 0.9798 0.9798 0.9798 0.9798 0.9798 0.9798 0.9798 0.9798 0.9798 0.9798 0.9798 0.9798 0.9798 0.9798 0.9798 0.9798 0.9798 0.9798 0.9798 0.9798 0.9798 0.9798 0.9798 0.9798 0.9798 0.9798 0.9798 0.9798 0.9798 0.9798 0.9798 0.9798 0.9798 0.9798 0.9798 0.9798 0.9798 0.9798 0.9798 0.9798 0.9798 0.9798 0.9798 0.9798 0.9798 0.9798 0.9798 0.9798 0.9798 0.9798
 0.9798 0.9798 0.9798 0.9798 0.9798 0.9798 0.9798 0.9798 0.9798 0.9798 0.9798 0.9798 0.9798 0.9798 0.9798 0.9798 0.9798 0.9798 0.9798 0.9798 0.9798 0.9798 0.9798 0.9798 0.9798 0.9798 0.9798 0.9798 0.9798 0.9798 0.9798 0.9798 0.9798 0.9798 0.9798 0.9798 0.9798 0.9798 0.9798 0.9798 0.9798 0.9798 0.9798 0.9798 0.9798 0.9798 0.9798 0.9798 0.9798 0.9798 0.9798 0.9798 0.9798 0.9798 0.9798 0.9798 0.9798 0.9798 0.9798 0.9798 0.9798 0.9798 0.9798 0.9798 0.9798 0.9798 0.9798 0.9798 0.9798 0.9798 0.9798 0.9798 0.9798 0.9798 0.9798 0.9798 0.9798 0.9798 0.9798 0.9798 0.9798 0.9798 0.9798 0.9798 0.9798 0.9798 0.9798 0.9798 0.9798 0.9798 0.9798 0.9798 0.9798 0.9798 0.9798 0.9798 0.9798 0.9798 0.9798 0.9798 0.9798 0.9798 0.9798 0.9798 0.9798 0.9798 0.9798 0.9798 0.9798 0.9798 0.9798 0.9798 0.9798 0.9798 0.9798 0.9798 0.9798 0.9798 0.9798 0.9798 0.9798 0.9798 0.9798 0.9798 0.9798 0.9798 0.9798 0.9798 0.9798 0.9798 0.9798 0.9798 0.9798 0.9798 0.9798 0.9798 0.9798 0.9798 0.9798 0.9798 0.9798 0.9798 0.9798 0.9798 0.9798 0.9798 0.9798 0.9798 0.9798 0.9798 0.9798 0.9798 0.9798 0.9798 0.9798 0.9798 0.9798
 0.9798 0.9798 0.9798 0.9798 0.9798 0.9798 0.9798 0.9798 0.9798 0.9798 0.9798 0.9798 0.9798 0.9798 0.9798 0.9798 0.9798 0.9798 0.9798 0.9798 0.9798 0.9798 0.9798 0.9798 0.9798 0.9798 0.9798 0.9798 0.9798 0.9798 0.9798 0.9798 0.9798 0.9798 0.9798 0.9798 0.9798 0.9798 0.9798 0.9798 0.9798 0.9798 0.9798 0.9798 0.9798 0.9798 0.9798 0.9798 0.9798 0.9798 0.9798 0.9798 0.9798 0.9798 0.9798 0.9798 0.9798 0.9798 0.9798 0.9798 0.9798 0.9798 0.9798 0.9798 0.9798 0.9798 0.9798 0.9798 0.9798 0.9798 0.9798 0.9798 0.9798 0.9798 0.9798 0.9798 0.9798 0.9798 0.9798 0.9798 0.9798 0.9798 0.9798 0.9798 0.9798 0.9798 0.9798 0.9798 0.9798 0.9798 0.9798 0.9798 0.9798 0.9798 0.9798 0.9798 0.9798 0.9798 0.9798 0.9798 0.9798 0.9798 0.9798 0.9798 0.9798 0.9798 0.9798 0.9798 0.9798 0.9798 0.9798 0.9798 0.9798 0.9798 0.9798 0.9798 0.9798 0.9798 0.9798 0.9798 0.9798 0.9798 0.9798 0.9798 0.9798 0.9798 0.9798 0.9798 0.9798 0.9798 0.9798 0.9798 0.9798 0.9798 0.9798 0.9798 0.9798 0.9798 0.9798 0.9798 0.9798 0.9798 0.9798 0.9798 0.9798 0.9798 0.9798 0.9798 0.9798 0.9798 0.9798 0.9798 0.9798 0.9798 0.9798 0.9798 0.9798 0.9798
 0.9798 0.9798 0.9798 0.9798 0.9798 0.9798 0.9798 0.9798 0.9798 0.9798 0.9798 0.9798 0.9798 0.9798 0.9798 0.9798 0.9798 0.9798 0.9798 0.9798 0.9798 0.9798 0.9798 0.9798 0.9798 0.9798 0.9798 0.9798 0.9798 0.9798 0.9798 0.9798 0.9798 0.9798 0.9798 0.9798 0.9798 0.9798 0.9798 0.9798 0.9798 0.9798 0.9798 0.9798 0.9798 0.9798 0.9798 0.9798 0.9798 0.9798 0.9798 0.9798 0.9798 0.9798 0.9798 0.9798 0.9798 0.9798 0.9798 0.9798 0.9798 0.9798 0.9798 0.9798 0.9798 0.9798 0.9798 0.9798 0.9798 0.9798 0.9798 0.9798 0.9798 0.9798 0.9798 0.9798 0.9798 0.9798 0.9798 0.9798 0.9798 0.9798 0.9798 0.9798 0.9798 0.9798 0.9798 0.9798 0.9798 0.9798 0.9798 0.9798 0.9798 0.9798 0.9798 0.9798 0.9798 0.9798 0.9798 0.9798 0.9798 0.9798 0.9798 0.9798 0.9798 0.9798 0.9798 0.9798 0.9798 0.9798 0.9798 0.9798 0.9798 0.9798 0.9798 0.9798 0.9798 0.9798 0.9798 0.9798 0.9798 0.9798 0.9798 0.9798 0.9798 0.9798 0.9798 0.9798 0.9798 0.9798 0.9798 0.9798 0.9798 0.9798 0.9798 0.9798 0.9798 0.9798 0.9798 0.9798 0.9798 0.9798 0.9798 0.9798 0.9798 0.9798 0.9798 0.9798 0.9798 0.9798 0.9798 0.9798 0.9798 0.9798 0.9798 0.9798 0.9798 0.9798 0.9798
 0.9798 0.9798 0.9798 0.9798 0.9798 0.9798 0.9798 0.9798 0.9798 0.9798 0.9798 0.9798 0.9798 0.9798 0.9798 0.9798 0.9798 0.9798 0.9798 0.9798 0.9798 0.9798 0.9798 0.9798 0.9798 0.9798 0.9798 0.9798 0.9798 0.9798 0.9798 0.9798 0.9798 0.9798 0.9798 0.9798 0.9798 0.9798 0.9798 0.9798 0.9798 0.9798 0.9798 0.9798 0.9798 0.9798 0.9798 0.9798 0.9798 0.9798 0.9798 0.9798 0.9798 0.9798 0.9798 0.9798 0.9798 0.9798 0.9798 0.9798 0.9798 0.9798 0.9798 0.9798 0.9798 0.9798 0.9798 0.9798 0.9798 0.9798 0.9798 0.9798 0.9798 0.9798 0.9798 0.9798 0.9798 0.9798 0.9798 0.9798 0.9798 0.9798 0.9798 0.9798 0.9798 0.9798 0.9798 0.9798 0.9798 0.9798 0.9798 0.9798 0.9798 0.9798 0.9798 0.9798 0.9798 0.9798 0.9798 0.9798 0.9798 0.9798 0.9798 0.9798 0.9798 0.9798 0.9798 0.9798 0.9798 0.9798 0.9798 0.9798 0.9798 0.9798 0.9798 0.9798 0.9798 0.9798 0.9798 0.9798 0.9798 0.9798 0.9798 0.9798 0.9798 0.9798 0.9798 0.9798 0.9798 0.9798 0.9798 0.9798 0.9798 0.9798 0.9798 0.9798 0.9798 0.9798 0.9798 0.9798 0.9798 0.9798 0.9798 0.9798 0.9798 0.9798 0.9798 0.9798 0.9798 0.9798 0.9798 0.9798 0.9798 0.9798 0.9798 0.9798 0.9798 0.9798 0.9798 0.9798
 0.9798 0.9798 0.9798 0.9798 0.9798 0.9798 0.9798 0.9798 0.9798 0.9798 0.9798 0.9798 0.9798 0.9798 0.9798 0.9798 0.9798 0.9798 0.9798 0.9798 0.9798 0.9798 0.9798 0.9798 0.9798 0.9798 0.9798 0.9798 0.9798 0.9798 0.9798 0.9798 0.9798 0.9798 0.9798 0.9798 0.9798 0.9798 0.9798 0.9798 0.9798 0.9798 0.9798 0.9798 0.9798 0.9798 0.9798 0.9798 0.9798 0.9798 0.9798 0.9798 0.9798 0.9798 0.9798 0.9798 0.9798 0.9798 0.9798 0.9798 0.9798 0.9798 0.9798 0.9798 0.9798 0.9798 0.9798 0.9798 0.9798 0.9798 0.9798 0.9798 0.9798 0.9798 0.9798 0.9798 0.9798 0.9798 0.9798 0.9798 0.9798 0.9798 0.9798 0.9798 0.9798 0.9798 0.9798 0.9798 0.9798 0.9798 0.9798 0.9798 0.9798 0.9798 0.9798 0.9798 0.9798 0.9798 0.9798 0.9798 0.9798 0.9798 0.9798 0.9798 0.9798 0.9798 0.9798 0.9798 0.9798 0.9798 0.9798 0.9798 0.9798 0.9798 0.9798 0.9798 0.9798 0.9798 0.9798 0.9798 0.9798 0.9798 0.9798 0.9798 0.9798 0.9798 0.9798 0.9798 0.9798 0.9798 0.9798 0.9798 0.9798 0.9798 0.9798 0.9798 0.9798 0.9798 0.9798 0.9798 0.9798 0.9798 0.9798 0.9798 0.9798 0.9798 0.9798 0.9798 0.9798 0.9798 0.9798 0.9798 0.9798 0.9798 0.9798 0.9798 0.9798 0.9798 0.9798 0.9798 0.9798
 0.9798 0.9798 0.9798 0.9798 0.9798 0.9798 0.9798 0.9798 0.9798 0.9798 0.9798 0.9798 0.9798 0.9798 0.9798 0.9798 0.9798 0.9798 0.9798 0.9798 0.9798 0.9798 0.9798 0.9798 0.9798 0.9798 0.9798 0.9798 0.9798 0.9798 0.9798 0.9798 0.9798 0.9798 0.9798 0.9798 0.9798 0.9798 0.9798 0.9798 0.9798 0.9798 0.9798 0.9798 0.9798 0.9798 0.9798 0.9798 0.9798 0.9798 0.9798 0.9798 0.9798 0.9798 0.9798 0.9798 0.9798 0.9798 0.9798 0.9798 0.9798 0.9798 0.9798 0.9798 0.9798 0.9798 0.9798 0.9798 0.9798 0.9798 0.9798 0.9798 0.9798 0.9798 0.9798 0.9798 0.9798 0.9798 0.9798 0.9798 0.9798 0.9798 0.9798 0.9798 0.9798 0.9798 0.9798 0.9798 0.9798 0.9798 0.9798 0.9798 0.9798 0.9798 0.9798 0.9798 0.9798 0.9798 0.9798 0.9798 0.9798 0.9798 0.9798 0.9798 0.9798 0.9798 0.9798 0.9798 0.9798 0.9798 0.9798 0.9798 0.9798 0.9798 0.9798 0.9798 0.9798 0.9798 0.9798 0.9798 0.9798 0.9798 0.9798 0.9798 0.9798 0.9798 0.9798 0.9798 0.9798 0.9798 0.9798 0.9798 0.9798 0.9798 0.9798 0.9798 0.9798 0.9798 0.9798 0.9798 0.9798 0.9798 0.9798 0.9798 0.9798 0.9798 0.9798 0.9798 0.9798 0.9798 0.9798 0.9798 0.9798 0.9798 0.9798 0.9798 0.9798 0.9798 0.9798 0.9798 0.9798 0.9798
 0.9798 0.9798 0.9798 0.9798 0.9798 0.9798 0.9798 0.9798 0.9798 0.9798 0.9798 0.9798 0.9798 0.9798 0.9798 0.9798 0.9798 0.9798 0.9798 0.9798 0.9798 0.9798 0.9798 0.9798 0.9798 0.9798 0.9798 0.9798 0.9798 0.9798 0.9798 0.9798 0.9798 0.9798 0.9798 0.9798 0.9798 0.9798 0.9798 0.9798 0.9798 0.9798 0.9798 0.9798 0.9798 0.9798 0.9798 0.9798 0.9798 0.9798 0.9798 0.9798 0.9798 0.9798 0.9798 0.9798 0.9798 0.9798 0.9798 0.9798 0.9798 0.9798 0.9798 0.9798 0.9798 0.9798 0.9798 0.9798 0.9798 0.9798 0.9798 0.9798 0.9798 0.9798 0.9798 0.9798 0.9798 0.9798 0.9798 0.9798 0.9798 0.9798 0.9798 0.9798 0.9798 0.9798 0.9798 0.9798 0.9798 0.9798 0.9798 0.9798 0.9798 0.9798 0.9798 0.9798 0.9798 0.9798 0.9798 0.9798 0.9798 0.9798 0.9798 0.9798 0.9798 0.9798 0.9798 0.9798 0.9798 0.9798 0.9798 0.9798 0.9798 0.9798 0.9798 0.9798 0.9798 0.9798 0.9798 0.9798 0.9798 0.9798 0.9798 0.9798 0.9798 0.9798 0.9798 0.9798 0.9798 0.9798 0.9798 0.9798 0.9798 0.9798 0.9798 0.9798 0.9798 0.9798 0.9798 0.9798 0.9798 0.9798 0.9798 0.9798 0.9798 0.9798 0.9798 0.9798 0.9798 0.9798 0.9798 0.9798 0.9798 0.9798 0.9798 0.9798 0.9798 0.9798 0.9798 0.9798 0.9798 0.9798 0.9798
 0.9798 0.9798 0.9798 0.9798 0.9798 0.9798 0.9798 0.9798 0.9798 0.9798 0.9798 0.9798 0.9798 0.9798 0.9798 0.9798 0.9798 0.9798 0.9798 0.9798 0.9798 0.9798 0.9798 0.9798 0.9798 0.9798 0.9798 0.9798 0.9798 0.9798 0.9798 0.9798 0.9798 0.9798 0.9798 0.9798 0.9798 0.9798 0.9798 0.9798 0.9798 0.9798 0.9798 0.9798 0.9798 0.9798 0.9798 0.9798 0.9798 0.9798 0.9798 0.9798 0.9798 0.9798 0.9798 0.9798 0.9798 0.9798 0.9798 0.9798 0.9798 0.9798 0.9798 0.9798 0.9798 0.9798 0.9798 0.9798 0.9798 0.9798 0.9798 0.9798 0.9798 0.9798 0.9798 0.9798 0.9798 0.9798 0.9798 0.9798 0.9798 0.9798 0.9798 0.9798 0.9798 0.9798 0.9798 0.9798 0.9798 0.9798 0.9798 0.9798 0.9798 0.9798 0.9798 0.9798 0.9798 0.9798 0.9798 0.9798 0.9798 0.9798 0.9798 0.9798 0.9798 0.9798 0.9798 0.9798 0.9798 0.9798 0.9798 0.9798 0.9798 0.9798 0.9798 0.9798 0.9798 0.9798 0.9798 0.9798 0.9798 0.9798 0.9798 0.9798 0.9798 0.9798 0.9798 0.9798 0.9798 0.9798 0.9798 0.9798 0.9798 0.9798 0.9798 0.9798 0.9798 0.9798 0.9798 0.9798 0.9798 0.9798 0.9798 0.9798 0.9798 0.9798 0.9798 0.9798 0.9798 0.9798 0.9798 0.9798 0.9798 0.9798 0.9798 0.9798 0.9798 0.9798 0.9798 0.9798 0.9798 0.9798 0.9798 0.9798
 0.9798 0.9798 0.9798 0.9798 0.9798 0.9798 0.9798 0.9798 0.9798 0.9798 0.9798 0.9798 0.9798 0.9798 0.9798 0.9798 0.9798 0.9798 0.9798 0.9798 0.9798 0.9798 0.9798 0.9798 0.9798 0.9798 0.9798 0.9798 0.9798 0.9798 0.9798 0.9798 0.9798 0.9798 0.9798 0.9798 0.9798 0.9798 0.9798 0.9798 0.9798 0.9798 0.9798 0.9798 0.9798 0.9798 0.9798 0.9798 0.9798 0.9798 0.9798 0.9798 0.9798 0.9798 0.9798 0.9798 0.9798 0.9798 0.9798 0.9798 0.9798 0.9798 0.9798 0.9798 0.9798 0.9798 0.9798 0.9798 0.9798 0.9798 0.9798 0.9798 0.9798 0.9798 0.9798 0.9798 0.9798 0.9798 0.9798 0.9798 0.9798 0.9798 0.9798 0.9798 0.9798 0.9798 0.9798 0.9798 0.9798 0.9798 0.9798 0.9798 0.9798 0.9798 0.9798 0.9798 0.9798 0.9798 0.9798 0.9798 0.9798 0.9798 0.9798 0.9798 0.9798 0.9798 0.9798 0.9798 0.9798 0.9798 0.9798 0.9798 0.9798 0.9798 0.9798 0.9798 0.9798 0.9798 0.9798 0.9798 0.9798 0.9798 0.9798 0.9798 0.9798 0.9798 0.9798 0.9798 0.9798 0.9798 0.9798 0.9798 0.9798 0.9798 0.9798 0.9798 0.9798 0.9798 0.9798 0.9798 0.9798 0.9798 0.9798 0.9798 0.9798 0.9798 0.9798 0.9798 0.9798 0.9798 0.9798 0.9798 0.9798 0.9798 0.9798 0.9798 0.9798 0.9798 0.9798 0.9798 0.9798 0.9798 0.9798 0.9798 0.9798
 0.9798 0.9798 0.9798 0.9798 0.9798 0.9798 0.9798 0.9798 0.9798 0.9798 0.9798 0.9798 0.9798 0.9798 0.9798 0.9798 0.9798 0.9798 0.9798 0.9798 0.9798 0.9798 0.9798 0.9798 0.9798 0.9798 0.9798 0.9798 0.9798 0.9798 0.9798 0.9798 0.9798 0.9798 0.9798 0.9798 0.9798 0.9798 0.9798 0.9798 0.9798 0.9798 0.9798 0.9798 0.9798 0.9798 0.9798 0.9798 0.9798 0.9798 0.9798 0.9798 0.9798 0.9798 0.9798 0.9798 0.9798 0.9798 0.9798 0.9798 0.9798 0.9798 0.9798 0.9798 0.9798 0.9798 0.9798 0.9798 0.9798 0.9798 0.9798 0.9798 0.9798 0.9798 0.9798 0.9798 0.9798 0.9798 0.9798 0.9798 0.9798 0.9798 0.9798 0.9798 0.9798 0.9798 0.9798 0.9798 0.9798 0.9798 0.9798 0.9798 0.9798 0.9798 0.9798 0.9798 0.9798 0.9798 0.9798 0.9798 0.9798 0.9798 0.9798 0.9798 0.9798 0.9798 0.9798 0.9798 0.9798 0.9798 0.9798 0.9798 0.9798 0.9798 0.9798 0.9798 0.9798 0.9798 0.9798 0.9798 0.9798 0.9798 0.9798 0.9798 0.9798 0.9798 0.9798 0.9798 0.9798 0.9798 0.9798 0.9798 0.9798 0.9798 0.9798 0.9798 0.9798 0.9798 0.9798 0.9798 0.9798 0.9798 0.9798 0.9798 0.9798 0.9798 0.9798 0.9798 0.9798 0.9798 0.9798 0.9798 0.9798 0.9798 0.9798 0.9798 0.9798 0.9798 0.9798 0.9798 0.9798 0.9798 0.9798 0.9798 0.9798 0.9798
 0.9798 0.9798 0.9798 0.9798 0.9798 0.9798 0.9798 0.9798 0.9798 0.9798 0.9798 0.9798 0.9798 0.9798 0.9798 0.9798 0.9798 0.9798 0.9798 0.9798 0.9798 0.9798 0.9798 0.9798 0.9798 0.9798 0.9798 0.9798 0.9798 0.9798 0.9798 0.9798 0.9798 0.9798 0.9798 0.9798 0.9798 0.9798 0.9798 0.9798 0.9798 0.9798 0.9798 0.9798 0.9798 0.9798 0.9798 0.9798 0.9798 0.9798 0.9798 0.9798 0.9798 0.9798 0.9798 0.9798 0.9798 0.9798 0.9798 0.9798 0.9798 0.9798 0.9798 0.9798 0.9798 0.9798 0.9798 0.9798 0.9798 0.9798 0.9798 0.9798 0.9798 0.9798 0.9798 0.9798 0.9798 0.9798 0.9798 0.9798 0.9798 0.9798 0.9798 0.9798 0.9798 0.9798 0.9798 0.9798 0.9798 0.9798 0.9798 0.9798 0.9798 0.9798 0.9798 0.9798 0.9798 0.9798 0.9798 0.9798 0.9798 0.9798 0.9798 0.9798 0.9798 0.9798 0.9798 0.9798 0.9798 0.9798 0.9798 0.9798 0.9798 0.9798 0.9798 0.9798 0.9798 0.9798 0.9798 0.9798 0.9798 0.9798 0.9798 0.9798 0.9798 0.9798 0.9798 0.9798 0.9798 0.9798 0.9798 0.9798 0.9798 0.9798 0.9798 0.9798 0.9798 0.9798 0.9798 0.9798 0.9798 0.9798 0.9798 0.9798 0.9798 0.9798 0.9798 0.9798 0.9798 0.9798 0.9798 0.9798 0.9798 0.9798 0.9798 0.9798 0.9798 0.9798 0.9798 0.9798 0.9798 0.9798 0.9798 0.9798 0.9798 0.9798 0.9798
 0.9798 0.9798 0.9798 0.9798 0.9798 0.9798 0.9798 0.9798 0.9798 0.9798 0.9798 0.9798 0.9798 0.9798 0.9798 0.9798 0.9798 0.9798 0.9798 0.9798 0.9798 0.9798 0.9798 0.9798 0.9798 0.9798 0.9798 0.9798 0.9798 0.9798 0.9798 0.9798 0.9798 0.9798 0.9798 0.9798 0.9798 0.9798 0.9798 0.9798 0.9798 0.9798 0.9798 0.9798 0.9798 0.9798 0.9798 0.9798 0.9798 0.9798 0.9798 0.9798 0.9798 0.9798 0.9798 0.9798 0.9798 0.9798 0.9798 0.9798 0.9798 0.9798 0.9798 0.9798 0.9798 0.9798 0.9798 0.9798 0.9798 0.9798 0.9798 0.9798 0.9798 0.9798 0.9798 0.9798 0.9798 0.9798 0.9798 0.9798 0.9798 0.9798 0.9798 0.9798 0.9798 0.9798 0.9798 0.9798 0.9798 0.9798 0.9798 0.9798 0.9798 0.9798 0.9798 0.9798 0.9798 0.9798 0.9798 0.9798 0.9798 0.9798 0.9798 0.9798 0.9798 0.9798 0.9798 0.9798 0.9798 0.9798 0.9798 0.9798 0.9798 0.9798 0.9798 0.9798 0.9798 0.9798 0.9798 0.9798 0.9798 0.9798 0.9798 0.9798 0.9798 0.9798 0.9798 0.9798 0.9798 0.9798 0.9798 0.9798 0.9798 0.9798 0.9798 0.9798 0.9798 0.9798 0.9798 0.9798 0.9798 0.9798 0.9798 0.9798 0.9798 0.9798 0.9798 0.9798 0.9798 0.9798 0.9798 0.9798 0.9798 0.9798 0.9798 0.9798 0.9798 0.9798 0.9798 0.9798 0.9798 0.9798 0.9798 0.9798 0.9798 0.9798 0.9798 0.9798
 0.9798 0.9798 0.9798 0.9798 0.9798 0.9798 0.9798 0.9798 0.9798 0.9798 0.9798 0.9798 0.9798 0.9798 0.9798 0.9798 0.9798 0.9798 0.9798 0.9798 0.9798 0.9798 0.9798 0.9798 0.9798 0.9798 0.9798 0.9798 0.9798 0.9798 0.9798 0.9798 0.9798 0.9798 0.9798 0.9798 0.9798 0.9798 0.9798 0.9798 0.9798 0.9798 0.9798 0.9798 0.9798 0.9798 0.9798 0.9798 0.9798 0.9798 0.9798 0.9798 0.9798 0.9798 0.9798 0.9798 0.9798 0.9798 0.9798 0.9798 0.9798 0.9798 0.9798 0.9798 0.9798 0.9798 0.9798 0.9798 0.9798 0.9798 0.9798 0.9798 0.9798 0.9798 0.9798 0.9798 0.9798 0.9798 0.9798 0.9798 0.9798 0.9798 0.9798 0.9798 0.9798 0.9798 0.9798 0.9798 0.9798 0.9798 0.9798 0.9798 0.9798 0.9798 0.9798 0.9798 0.9798 0.9798 0.9798 0.9798 0.9798 0.9798 0.9798 0.9798 0.9798 0.9798 0.9798 0.9798 0.9798 0.9798 0.9798 0.9798 0.9798 0.9798 0.9798 0.9798 0.9798 0.9798 0.9798 0.9798 0.9798 0.9798 0.9798 0.9798 0.9798 0.9798 0.9798 0.9798 0.9798 0.9798 0.9798 0.9798 0.9798 0.9798 0.9798 0.9798 0.9798 0.9798 0.9798 0.9798 0.9798 0.9798 0.9798 0.9798 0.9798 0.9798 0.9798 0.9798 0.9798 0.9798 0.9798 0.9798 0.9798 0.9798 0.9798 0.9798 0.9798 0.9798 0.9798 0.9798 0.9798 0.9798 0.9798 0.9798 0.9798 0.9798 0.9798 0.9798 0.9798
 0.9798 0.9798 0.9798 0.9798 0.9798 0.9798 0.9798 0.9798 0.9798 0.9798 0.9798 0.9798 0.9798 0.9798 0.9798 0.9798 0.9798 0.9798 0.9798 0.9798 0.9798 0.9798 0.9798 0.9798 0.9798 0.9798 0.9798 0.9798 0.9798 0.9798 0.9798 0.9798 0.9798 0.9798 0.9798 0.9798 0.9798 0.9798 0.9798 0.9798 0.9798 0.9798 0.9798 0.9798 0.9798 0.9798 0.9798 0.9798 0.9798 0.9798 0.9798 0.9798 0.9798 0.9798 0.9798 0.9798 0.9798 0.9798 0.9798 0.9798 0.9798 0.9798 0.9798 0.9798 0.9798 0.9798 0.9798 0.9798 0.9798 0.9798 0.9798 0.9798 0.9798 0.9798 0.9798 0.9798 0.9798 0.9798 0.9798 0.9798 0.9798 0.9798 0.9798 0.9798 0.9798 0.9798 0.9798 0.9798 0.9798 0.9798 0.9798 0.9798 0.9798 0.9798 0.9798 0.9798 0.9798 0.9798 0.9798 0.9798 0.9798 0.9798 0.9798 0.9798 0.9798 0.9798 0.9798 0.9798 0.9798 0.9798 0.9798 0.9798 0.9798 0.9798 0.9798 0.9798 0.9798 0.9798 0.9798 0.9798 0.9798 0.9798 0.9798 0.9798 0.9798 0.9798 0.9798 0.9798 0.9798 0.9798 0.9798 0.9798 0.9798 0.9798 0.9798 0.9798 0.9798 0.9798 0.9798 0.9798 0.9798 0.9798 0.9798 0.9798 0.9798 0.9798 0.9798 0.9798 0.9798 0.9798 0.9798 0.9798 0.9798 0.9798 0.9798 0.9798 0.9798 0.9798 0.9798 0.9798 0.9798 0.9798 0.9798 0.9798 0.9798 0.9798 0.9798 0.9798 0.9798 0.9798
 0.9798 0.9798 0.9798 0.9798 0.9798 0.9798 0.9798 0.9798 0.9798 0.9798 0.9798 0.9798 0.9798 0.9798 0.9798 0.9798 0.9798 0.9798 0.9798 0.9798 0.9798 0.9798 0.9798 0.9798 0.9798 0.9798 0.9798 0.9798 0.9798 0.9798 0.9798 0.9798 0.9798 0.9798 0.9798 0.9798 0.9798 0.9798 0.9798 0.9798 0.9798 0.9798 0.9798 0.9798 0.9798 0.9798 0.9798 0.9798 0.9798 0.9798 0.9798 0.9798 0.9798 0.9798 0.9798 0.9798 0.9798 0.9798 0.9798 0.9798 0.9798 0.9798 0.9798 0.9798 0.9798 0.9798 0.9798 0.9798 0.9798 0.9798 0.9798 0.9798 0.9798 0.9798 0.9798 0.9798 0.9798 0.9798 0.9798 0.9798 0.9798 0.9798 0.9798 0.9798 0.9798 0.9798 0.9798 0.9798 0.9798 0.9798 0.9798 0.9798 0.9798 0.9798 0.9798 0.9798 0.9798 0.9798 0.9798 0.9798 0.9798 0.9798 0.9798 0.9798 0.9798 0.9798 0.9798 0.9798 0.9798 0.9798 0.9798 0.9798 0.9798 0.9798 0.9798 0.9798 0.9798 0.9798 0.9798 0.9798 0.9798 0.9798 0.9798 0.9798 0.9798 0.9798 0.9798 0.9798 0.9798 0.9798 0.9798 0.9798 0.9798 0.9798 0.9798 0.9798 0.9798 0.9798 0.9798 0.9798 0.9798 0.9798 0.9798 0.9798 0.9798 0.9798 0.9798 0.9798 0.9798 0.9798 0.9798 0.9798 0.9798 0.9798 0.9798 0.9798 0.9798 0.9798 0.9798 0.9798 0.9798 0.9798 0.9798 0.9798 0.9798 0.9798 0.9798 0.9798 0.9798 0.9798 0.9798
 0.9798 0.9798 0.9798 0.9798 0.9798 0.9798 0.9798 0.9798 0.9798 0.9798 0.9798 0.9798 0.9798 0.9798 0.9798 0.9798 0.9798 0.9798 0.9798 0.9798 0.9798 0.9798 0.9798 0.9798 0.9798 0.9798 0.9798 0.9798 0.9798 0.9798 0.9798 0.9798 0.9798 0.9798 0.9798 0.9798 0.9798 0.9798 0.9798 0.9798 0.9798 0.9798 0.9798 0.9798 0.9798 0.9798 0.9798 0.9798 0.9798 0.9798 0.9798 0.9798 0.9798 0.9798 0.9798 0.9798 0.9798 0.9798 0.9798 0.9798 0.9798 0.9798 0.9798 0.9798 0.9798 0.9798 0.9798 0.9798 0.9798 0.9798 0.9798 0.9798 0.9798 0.9798 0.9798 0.9798 0.9798 0.9798 0.9798 0.9798 0.9798 0.9798 0.9798 0.9798 0.9798 0.9798 0.9798 0.9798 0.9798 0.9798 0.9798 0.9798 0.9798 0.9798 0.9798 0.9798 0.9798 0.9798 0.9798 0.9798 0.9798 0.9798 0.9798 0.9798 0.9798 0.9798 0.9798 0.9798 0.9798 0.9798 0.9798 0.9798 0.9798 0.9798 0.9798 0.9798 0.9798 0.9798 0.9798 0.9798 0.9798 0.9798 0.9798 0.9798 0.9798 0.9798 0.9798 0.9798 0.9798 0.9798 0.9798 0.9798 0.9798 0.9798 0.9798 0.9798 0.9798 0.9798 0.9798 0.9798 0.9798 0.9798 0.9798 0.9798 0.9798 0.9798 0.9798 0.9798 0.9798 0.9798 0.9798 0.9798 0.9798 0.9798 0.9798 0.9798 0.9798 0.9798 0.9798 0.9798 0.9798 0.9798 0.9798 0.9798 0.9798 0.9798 0.9798 0.9798 0.9798 0.9798 0.9798 0.9798
 0.9798 0.9798 0.9798 0.9798 0.9798 0.9798 0.9798 0.9798 0.9798 0.9798 0.9798 0.9798 0.9798 0.9798 0.9798 0.9798 0.9798 0.9798 0.9798 0.9798 0.9798 0.9798 0.9798 0.9798 0.9798 0.9798 0.9798 0.9798 0.9798 0.9798 0.9798 0.9798 0.9798 0.9798 0.9798 0.9798 0.9798 0.9798 0.9798 0.9798 0.9798 0.9798 0.9798 0.9798 0.9798 0.9798 0.9798 0.9798 0.9798 0.9798 0.9798 0.9798 0.9798 0.9798 0.9798 0.9798 0.9798 0.9798 0.9798 0.9798 0.9798 0.9798 0.9798 0.9798 0.9798 0.9798 0.9798 0.9798 0.9798 0.9798 0.9798 0.9798 0.9798 0.9798 0.9798 0.9798 0.9798 0.9798 0.9798 0.9798 0.9798 0.9798 0.9798 0.9798 0.9798 0.9798 0.9798 0.9798 0.9798 0.9798 0.9798 0.9798 0.9798 0.9798 0.9798 0.9798 0.9798 0.9798 0.9798 0.9798 0.9798 0.9798 0.9798 0.9798 0.9798 0.9798 0.9798 0.9798 0.9798 0.9798 0.9798 0.9798 0.9798 0.9798 0.9798 0.9798 0.9798 0.9798 0.9798 0.9798 0.9798 0.9798 0.9798 0.9798 0.9798 0.9798 0.9798 0.9798 0.9798 0.9798 0.9798 0.9798 0.9798 0.9798 0.9798 0.9798 0.9798 0.9798 0.9798 0.9798 0.9798 0.9798 0.9798 0.9798 0.9798 0.9798 0.9798 0.9798 0.9798 0.9798 0.9798 0.9798 0.9798 0.9798 0.9798 0.9798 0.9798 0.9798 0.9798 0.9798 0.9798 0.9798 0.9798 0.9798 0.9798 0.9798 0.9798 0.9798 0.9798 0.9798 0.9798 0.9798 0.9798
 0.9798 0.9798 0.9798 0.9798 0.9798 0.9798 0.9798 0.9798 0.9798 0.9798 0.9798 0.9798 0.9798 0.9798 0.9798 0.9798 0.9798 0.9798 0.9798 0.9798 0.9798 0.9798 0.9798 0.9798 0.9798 0.9798 0.9798 0.9798 0.9798 0.9798 0.9798 0.9798 0.9798 0.9798 0.9798 0.9798 0.9798 0.9798 0.9798 0.9798 0.9798 0.9798 0.9798 0.9798 0.9798 0.9798 0.9798 0.9798 0.9798 0.9798 0.9798 0.9798 0.9798 0.9798 0.9798 0.9798 0.9798 0.9798 0.9798 0.9798 0.9798 0.9798 0.9798 0.9798 0.9798 0.9798 0.9798 0.9798 0.9798 0.9798 0.9798 0.9798 0.9798 0.9798 0.9798 0.9798 0.9798 0.9798 0.9798 0.9798 0.9798 0.9798 0.9798 0.9798 0.9798 0.9798 0.9798 0.9798 0.9798 0.9798 0.9798 0.9798 0.9798 0.9798 0.9798 0.9798 0.9798 0.9798 0.9798 0.9798 0.9798 0.9798 0.9798 0.9798 0.9798 0.9798 0.9798 0.9798 0.9798 0.9798 0.9798 0.9798 0.9798 0.9798 0.9798 0.9798 0.9798 0.9798 0.9798 0.9798 0.9798 0.9798 0.9798 0.9798 0.9798 0.9798 0.9798 0.9798 0.9798 0.9798 0.9798 0.9798 0.9798 0.9798 0.9798 0.9798 0.9798 0.9798 0.9798 0.9798 0.9798 0.9798 0.9798 0.9798 0.9798 0.9798 0.9798 0.9798 0.9798 0.9798 0.9798 0.9798 0.9798 0.9798 0.9798 0.9798 0.9798 0.9798 0.9798 0.9798 0.9798 0.9798 0.9798 0.9798 0.9798 0.9798 0.9798 0.9798 0.9798 0.9798 0.9798 0.9798 0.9798 0.9798
 0.9798 0.9798 0.9798 0.9798 0.9798 0.9798 0.9798 0.9798 0.9798 0.9798 0.9798 0.9798 0.9798 0.9798 0.9798 0.9798 0.9798 0.9798 0.9798 0.9798 0.9798 0.9798 0.9798 0.9798 0.9798 0.9798 0.9798 0.9798 0.9798 0.9798 0.9798 0.9798 0.9798 0.9798 0.9798 0.9798 0.9798 0.9798 0.9798 0.9798 0.9798 0.9798 0.9798 0.9798 0.9798 0.9798 0.9798 0.9798 0.9798 0.9798 0.9798 0.9798 0.9798 0.9798 0.9798 0.9798 0.9798 0.9798 0.9798 0.9798 0.9798 0.9798 0.9798 0.9798 0.9798 0.9798 0.9798 0.9798 0.9798 0.9798 0.9798 0.9798 0.9798 0.9798 0.9798 0.9798 0.9798 0.9798 0.9798 0.9798 0.9798 0.9798 0.9798 0.9798 0.9798 0.9798 0.9798 0.9798 0.9798 0.9798 0.9798 0.9798 0.9798 0.9798 0.9798 0.9798 0.9798 0.9798 0.9798 0.9798 0.9798 0.9798 0.9798 0.9798 0.9798 0.9798 0.9798 0.9798 0.9798 0.9798 0.9798 0.9798 0.9798 0.9798 0.9798 0.9798 0.9798 0.9798 0.9798 0.9798 0.9798 0.9798 0.9798 0.9798 0.9798 0.9798 0.9798 0.9798 0.9798 0.9798 0.9798 0.9798 0.9798 0.9798 0.9798 0.9798 0.9798 0.9798 0.9798 0.9798 0.9798 0.9798 0.9798 0.9798 0.9798 0.9798 0.9798 0.9798 0.9798 0.9798 0.9798 0.9798 0.9798 0.9798 0.9798 0.9798 0.9798 0.9798 0.9798 0.9798 0.9798 0.9798 0.9798 0.9798 0.9798 0.9798 0.9798 0.9798 0.9798 0.9798 0.9798 0.9798 0.9798 0.9798 0.9798
 0.9798 0.9798 0.9798 0.9798 0.9798 0.9798 0.9798 0.9798 0.9798 0.9798 0.9798 0.9798 0.9798 0.9798 0.9798 0.9798 0.9798 0.9798 0.9798 0.9798 0.9798 0.9798 0.9798 0.9798 0.9798 0.9798 0.9798 0.9798 0.9798 0.9798 0.9798 0.9798 0.9798 0.9798 0.9798 0.9798 0.9798 0.9798 0.9798 0.9798 0.9798 0.9798 0.9798 0.9798 0.9798 0.9798 0.9798 0.9798 0.9798 0.9798 0.9798 0.9798 0.9798 0.9798 0.9798 0.9798 0.9798 0.9798 0.9798 0.9798 0.9798 0.9798 0.9798 0.9798 0.9798 0.9798 0.9798 0.9798 0.9798 0.9798 0.9798 0.9798 0.9798 0.9798 0.9798 0.9798 0.9798 0.9798 0.9798 0.9798 0.9798 0.9798 0.9798 0.9798 0.9798 0.9798 0.9798 0.9798 0.9798 0.9798 0.9798 0.9798 0.9798 0.9798 0.9798 0.9798 0.9798 0.9798 0.9798 0.9798 0.9798 0.9798 0.9798 0.9798 0.9798 0.9798 0.9798 0.9798 0.9798 0.9798 0.9798 0.9798 0.9798 0.9798 0.9798 0.9798 0.9798 0.9798 0.9798 0.9798 0.9798 0.9798 0.9798 0.9798 0.9798 0.9798 0.9798 0.9798 0.9798 0.9798 0.9798 0.9798 0.9798 0.9798 0.9798 0.9798 0.9798 0.9798 0.9798 0.9798 0.9798 0.9798 0.9798 0.9798 0.9798 0.9798 0.9798 0.9798 0.9798 0.9798 0.9798 0.9798 0.9798 0.9798 0.9798 0.9798 0.9798 0.9798 0.9798 0.9798 0.9798 0.9798 0.9798 0.9798 0.9798 0.9798 0.9798 0.9798 0.9798 0.9798 0.9798 0.9798 0.9798 0.9798 0.9798 0.9798
 0.9798 0.9798 0.9798 0.9798 0.9798 0.9798 0.9798 0.9798 0.9798 0.9798 0.9798 0.9798 0.9798 0.9798 0.9798 0.9798 0.9798 0.9798 0.9798 0.9798 0.9798 0.9798 0.9798 0.9798 0.9798 0.9798 0.9798 0.9798 0.9798 0.9798 0.9798 0.9798 0.9798 0.9798 0.9798 0.9798 0.9798 0.9798 0.9798 0.9798 0.9798 0.9798 0.9798 0.9798 0.9798 0.9798 0.9798 0.9798 0.9798 0.9798 0.9798 0.9798 0.9798 0.9798 0.9798 0.9798 0.9798 0.9798 0.9798 0.9798 0.9798 0.9798 0.9798 0.9798 0.9798 0.9798 0.9798 0.9798 0.9798 0.9798 0.9798 0.9798 0.9798 0.9798 0.9798 0.9798 0.9798 0.9798 0.9798 0.9798 0.9798 0.9798 0.9798 0.9798 0.9798 0.9798 0.9798 0.9798 0.9798 0.9798 0.9798 0.9798 0.9798 0.9798 0.9798 0.9798 0.9798 0.9798 0.9798 0.9798 0.9798 0.9798 0.9798 0.9798 0.9798 0.9798 0.9798 0.9798 0.9798 0.9798 0.9798 0.9798 0.9798 0.9798 0.9798 0.9798 0.9798 0.9798 0.9798 0.9798 0.9798 0.9798 0.9798 0.9798 0.9798 0.9798 0.9798 0.9798 0.9798 0.9798 0.9798 0.9798 0.9798 0.9798 0.9798 0.9798 0.9798 0.9798 0.9798 0.9798 0.9798 0.9798 0.9798 0.9798 0.9798 0.9798 0.9798 0.9798 0.9798 0.9798 0.9798 0.9798 0.9798 0.9798 0.9798 0.9798 0.9798 0.9798 0.9798 0.9798 0.9798 0.9798 0.9798 0.9798 0.9798 0.9798 0.9798 0.9798 0.9798 0.9798 0.9798 0.9798 0.9798 0.9798 0.9798 0.9798 0.9798
 0.9798 0.9798 0.9798 0.9798 0.9798 0.9798 0.9798 0.9798 0.9798 0.9798 0.9798 0.9798 0.9798 0.9798 0.9798 0.9798 0.9798 0.9798 0.9798 0.9798 0.9798 0.9798 0.9798 0.9798 0.9798 0.9798 0.9798 0.9798 0.9798 0.9798 0.9798 0.9798 0.9798 0.9798 0.9798 0.9798 0.9798 0.9798 0.9798 0.9798 0.9798 0.9798 0.9798 0.9798 0.9798 0.9798 0.9798 0.9798 0.9798 0.9798 0.9798 0.9798 0.9798 0.9798 0.9798 0.9798 0.9798 0.9798 0.9798 0.9798 0.9798 0.9798 0.9798 0.9798 0.9798 0.9798 0.9798 0.9798 0.9798 0.9798 0.9798 0.9798 0.9798 0.9798 0.9798 0.9798 0.9798 0.9798 0.9798 0.9798 0.9798 0.9798 0.9798 0.9798 0.9798 0.9798 0.9798 0.9798 0.9798 0.9798 0.9798 0.9798 0.9798 0.9798 0.9798 0.9798 0.9798 0.9798 0.9798 0.9798 0.9798 0.9798 0.9798 0.9798 0.9798 0.9798 0.9798 0.9798 0.9798 0.9798 0.9798 0.9798 0.9798 0.9798 0.9798 0.9798 0.9798 0.9798 0.9798 0.9798 0.9798 0.9798 0.9798 0.9798 0.9798 0.9798 0.9798 0.9798 0.9798 0.9798 0.9798 0.9798 0.9798 0.9798 0.9798 0.9798 0.9798 0.9798 0.9798 0.9798 0.9798 0.9798 0.9798 0.9798 0.9798 0.9798 0.9798 0.9798 0.9798 0.9798 0.9798 0.9798 0.9798 0.9798 0.9798 0.9798 0.9798 0.9798 0.9798 0.9798 0.9798 0.9798 0.9798 0.9798 0.9798 0.9798 0.9798 0.9798 0.9798 0.9798 0.9798 0.9798 0.9798 0.9798 0.9798 0.9798 0.9798 0.9798
 0.9798 0.9798 0.9798 0.9798 0.9798 0.9798 0.9798 0.9798 0.9798 0.9798 0.9798 0.9798 0.9798 0.9798 0.9798 0.9798 0.9798 0.9798 0.9798 0.9798 0.9798 0.9798 0.9798 0.9798 0.9798 0.9798 0.9798 0.9798 0.9798 0.9798 0.9798 0.9798 0.9798 0.9798 0.9798 0.9798 0.9798 0.9798 0.9798 0.9798 0.9798 0.9798 0.9798 0.9798 0.9798 0.9798 0.9798 0.9798 0.9798 0.9798 0.9798 0.9798 0.9798 0.9798 0.9798 0.9798 0.9798 0.9798 0.9798 0.9798 0.9798 0.9798 0.9798 0.9798 0.9798 0.9798 0.9798 0.9798 0.9798 0.9798 0.9798 0.9798 0.9798 0.9798 0.9798 0.9798 0.9798 0.9798 0.9798 0.9798 0.9798 0.9798 0.9798 0.9798 0.9798 0.9798 0.9798 0.9798 0.9798 0.9798 0.9798 0.9798 0.9798 0.9798 0.9798 0.9798 0.9798 0.9798 0.9798 0.9798 0.9798 0.9798 0.9798 0.9798 0.9798 0.9798 0.9798 0.9798 0.9798 0.9798 0.9798 0.9798 0.9798 0.9798 0.9798 0.9798 0.9798 0.9798 0.9798 0.9798 0.9798 0.9798 0.9798 0.9798 0.9798 0.9798 0.9798 0.9798 0.9798 0.9798 0.9798 0.9798 0.9798 0.9798 0.9798 0.9798 0.9798 0.9798 0.9798 0.9798 0.9798 0.9798 0.9798 0.9798 0.9798 0.9798 0.9798 0.9798 0.9798 0.9798 0.9798 0.9798 0.9798 0.9798 0.9798 0.9798 0.9798 0.9798 0.9798 0.9798 0.9798 0.9798 0.9798 0.9798 0.9798 0.9798 0.9798 0.9798 0.9798 0.9798 0.9798 0.9798 0.9798 0.9798 0.9798 0.9798 0.9798 0.9798 0.9798


























































































































































































































































